0 0.19666666666666668 0.5141666666666667 0.05666666666666667 0.11166666666666668
0 0.885 0.5616666666666666 0.22666666666666668 0.13
0 0.37000000000000005 0.35000000000000003 0.08333333333333334 0.15666666666666668
1 0.14333333333333334 0.8141666666666667 0.2833333333333333 0.11833333333333335
0 0.48000000000000004 0.3875 0.04 0.028333333333333335
1 0.0975 0.5608333333333334 0.115 0.03833333333333334
1 0.6383333333333334 0.6358333333333334 0.21333333333333335 0.04166666666666667
2 0.6608333333333334 0.35083333333333333 0.115 0.03166666666666667
0 0.23750000000000002 0.8591666666666667 0.08166666666666667 0.18833333333333335
1 0.8275 0.4025 0.14166666666666666 0.035
