1 0.45 0.5716666666666667 0.2566666666666667 0.04666666666666667
1 0.5941666666666667 0.26333333333333336 0.19166666666666668 0.03333333333333333
1 0.6858333333333334 0.18583333333333335 0.14833333333333334 0.07500000000000001
1 0.4241666666666667 0.5366666666666667 0.8116666666666668 0.05666666666666667
1 0.7300000000000001 0.4041666666666667 0.17666666666666667 0.058333333333333334
0 0.8141666666666667 0.49750000000000005 0.10500000000000001 0.14166666666666666
1 0.8825000000000001 0.48000000000000004 0.23500000000000001 0.08666666666666667
1 0.8608333333333333 0.305 0.095 0.03333333333333333
1 0.5441666666666667 0.19416666666666668 0.115 0.025
1 0.4241666666666667 0.25333333333333335 0.13166666666666668 0.04
