2 0.37833333333333335 0.44083333333333335 0.56 0.5683333333333334
0 0.4033333333333334 0.23500000000000001 0.10333333333333335 0.17
1 0.6541666666666667 0.4916666666666667 0.10166666666666667 0.030000000000000002
1 0.5283333333333333 0.4166666666666667 0.22 0.03666666666666667
1 0.6791666666666667 0.19833333333333333 0.155 0.05
1 0.6733333333333333 0.24916666666666668 0.18000000000000002 0.028333333333333335
1 0.6733333333333333 0.28583333333333333 0.14333333333333334 0.021666666666666667
1 0.7433333333333334 0.33416666666666667 0.15000000000000002 0.035
1 0.7383333333333334 0.3841666666666667 0.12666666666666668 0.025
0 0.6816666666666668 0.14666666666666667 0.030000000000000002 0.060000000000000005
