2 0.2758333333333334 0.6333333333333334 0.115 0.04666666666666667
0 0.8541666666666667 0.9141666666666667 0.2516666666666667 0.155
0 0.915 0.8241666666666667 0.03333333333333333 0.06166666666666667
0 0.42083333333333334 0.9433333333333334 0.045000000000000005 0.10333333333333335
0 0.42833333333333334 0.9416666666666668 0.06333333333333334 0.11666666666666667
0 0.4041666666666667 0.8016666666666667 0.03833333333333334 0.16
2 0.2675 0.6208333333333333 0.09833333333333334 0.07166666666666667
0 0.26333333333333336 0.8500000000000001 0.06666666666666667 0.26666666666666666
1 0.20333333333333334 0.785 0.3666666666666667 0.05
1 0.6391666666666667 0.8741666666666668 0.3616666666666667 0.04833333333333334
0 0.9733333333333334 0.8775000000000001 0.03333333333333333 0.07166666666666667
1 0.26916666666666667 0.8825000000000001 0.3716666666666667 0.05166666666666667
