3 0.5166666666666667 0.8600000000000001 0.2066666666666667 0.05666666666666667
3 0.6975 0.8683333333333334 0.15833333333333335 0.07333333333333333
1 0.8708333333333333 0.8791666666666668 0.21500000000000002 0.04833333333333334
1 0.8291666666666667 0.7833333333333334 0.30833333333333335 0.023333333333333334
1 0.7658333333333334 0.7233333333333334 0.21500000000000002 0.02666666666666667
2 0.4341666666666667 0.7091666666666667 0.16833333333333333 0.04833333333333334
1 0.20333333333333334 0.8566666666666667 0.4 0.05666666666666667
0 0.38333333333333336 0.555 0.030000000000000002 0.023333333333333334
1 0.1925 0.6016666666666667 0.08166666666666667 0.03333333333333333
1 0.06666666666666667 0.655 0.12333333333333334 0.05333333333333334
2 0.6258333333333334 0.6791666666666667 0.03833333333333334 0.04166666666666667
