0 0.5565468020861927 0.8775110240078393 0.07109525116662091 0.23909848113669768
0 0.36275048037331864 0.6773640372366487 0.011803458687894591 0.018128368446839783
1 0.26297007960472135 0.9164625183733464 0.03623387318144386 0.015188633023027927
0 0.328163601427395 0.7996080352768251 0.04309634916277793 0.046055854973052424
0 0.412572055997804 0.6763841254287114 0.017567938512215206 0.03184713375796178
0 0.5377436178973373 0.7506124448799608 0.03348888278891023 0.07643312101910828
0 0.321712874004941 0.5938265556099951 0.02305791929728246 0.021558059774620282
0 0.23785341751303868 0.6832435080842724 0.06944825693110074 0.06908378245957864
0 0.47227559703541033 0.9681528662420382 0.009058468295360965 0.057814796668299855
0 0.2761460334888828 0.8184713375796179 0.045566840516058194 0.06712395884370406
0 0.49849025528410645 0.7226849583537481 0.03678287125995059 0.07545320921117099
0 0.4490804282185012 0.6896129348358647 0.01152895964864123 0.030867221950024497
0 0.28012626955805653 0.6925526702596766 0.05462530881141916 0.06222439980401764
0 0.46129563546527586 0.904703576678099 0.011254460609387866 0.03870651641352278
0 0.5054899807850672 0.8880450759431651 0.015097447158934943 0.04164625183733464
0 0.2583035959374142 0.746202841744243 0.027998902003842984 0.051935325820676136
0 0.39102388141641503 0.6521313081822636 0.023881416415042545 0.04017638412542871
0 0.4249245127642053 0.6202841744243018 0.020861926983255556 0.03821656050955414
0 0.26667581663464174 0.60828025477707 0.016195443315948393 0.013228809407153356
0 0.20683502607740872 0.6651151396374326 0.11281910513313202 0.09456148946594806
2 0.3029096898160856 0.5818226359627633 0.03266538567115015 0.026947574718275354
0 0.334614328849849 0.6055854973052425 0.006038978863573977 0.016658500734933857
0 0.24567664013175952 0.6153846153846154 0.05325281361515234 0.04017638412542871
0 0.603760636837771 0.9194022537971582 0.07438923963766127 0.14845663890249877
0 0.4423552017567938 0.8914747672709455 0.023881416415042545 0.21313081822635963
0 0.07507548723579467 0.7834394904458598 0.14960197639308262 0.15384615384615385
