0 0.43755146856986 0.6871631553160216 0.040625857809497665 0.07398334149926507
0 0.29563546527587153 0.6237138657520823 0.007685973099094153 0.028417442430181284
0 0.2891847378534175 0.6046055854973053 0.006862475981334065 0.009799118079372856
0 0.40996431512489706 0.6004409603135717 0.011803458687894591 0.013228809407153356
0 0.3086741696404062 0.6058304752572269 0.005215481745813889 0.01224889759921607
0 0.4262970079604721 0.6401273885350318 0.01482294811968158 0.0240078392944635
0 0.35039802360691735 0.5654091131798138 0.004117485588800439 0.006859382655560999
0 0.3159483941806203 0.5791278784909358 0.0043919846280538015 0.007839294463498285
0 0.372083447707933 0.628858402743753 0.03486137798517705 0.044585987261146494
0 0.36453472412846555 0.5835374816266536 0.012626955805654679 0.013718765311121999
1 0.40831732088937683 0.649436550710436 0.041998353005764474 0.009309162175404213
0 0.36371122701070546 0.5975012248897599 0.01372495196266813 0.014208721215090642
0 0.3302223442217952 0.6087702106810386 0.016469942355201755 0.02988731014208721
