0 0.31999999999999995 0.550146771037182 0.006027397260273972 0.007338551859099804
0 0.41424657534246573 0.9823874755381604 0.020821917808219178 0.03131115459882583
0 0.4438356164383561 0.8236301369863013 0.014246575342465753 0.062133072407045006
0 0.3921917808219178 0.8091976516634051 0.018904109589041096 0.04500978473581213
1 0.29753424657534244 0.7221135029354206 0.3550684931506849 0.03131115459882583
0 0.41780821917808214 0.8842954990215264 0.02794520547945205 0.11692759295499021
3 0.6699999999999999 0.9647749510763208 0.10164383561643835 0.06653620352250489
3 0.6046575342465753 0.9080234833659491 0.09698630136986301 0.07729941291585127
0 0.3835616438356164 0.5890410958904109 0.012054794520547944 0.029354207436399216
0 0.3910958904109589 0.6903131115459882 0.006301369863013698 0.023483365949119372
0 0.39041095890410954 0.6421232876712328 0.01589041095890411 0.06311154598825831
0 0.40863013698630135 0.7607632093933463 0.016712328767123287 0.07142857142857142
