0 0.3081251715618995 0.5842724154826066 0.018391435629975295 0.022048015678588925
0 0.37249519626681304 0.5543851053405193 0.006038978863573977 0.014208721215090642
1 0.3272028547900082 0.7822146006859383 0.2569311007411474 0.06810387065164135
0 0.09511391710129014 0.7547770700636942 0.18254186110348614 0.15531602155805976
1 0.39733735931924236 0.6036256736893679 0.06395827614603349 0.027437530622243998
0 0.06107603623387318 0.9127878490935816 0.12050507823222618 0.14208721215090642
0 0.472412846555037 0.8686918177364037 0.047213834751578365 0.09701126898579128
0 0.16593466922865768 0.7758451739343459 0.056821301125446054 0.06908378245957864
0 0.24101015646445237 0.6430671239588437 0.11089761185835849 0.11121999020088191
0 0.03184188855339006 0.9889759921607055 0.02250892121877573 0.022048015678588925
1 0.3414768048311831 0.8380695737383635 0.28657699698051053 0.04164625183733464
0 0.35053527312654403 0.5399314061734444 0.0043919846280538015 0.007839294463498285
0 0.4262970079604721 0.6386575208231259 0.015371946198188305 0.05046545810877021
1 0.09964315124897062 0.8422341989220969 0.1981883063409278 0.07937285644292014
