0 0.12986301369863013 0.896771037181996 0.15342465753424656 0.20058708414872797
1 0.32794520547945205 0.6313600782778864 0.060821917808219175 0.014187866927592954
0 0.5187671232876712 0.9251467710371819 0.034794520547945205 0.14774951076320939
1 0.4187671232876712 0.6575342465753424 0.12630136986301368 0.029354207436399216
3 0.34054794520547943 0.6709882583170254 0.03013698630136986 0.04452054794520548
0 0.04945205479452054 0.8649706457925636 0.09780821917808219 0.1086105675146771
0 0.276027397260274 0.7945205479452054 0.033150684931506844 0.15557729941291584
0 0.13260273972602737 0.7805772994129158 0.0684931506849315 0.06409001956947162
1 0.29342465753424657 0.6526418786692759 0.031232876712328765 0.01761252446183953
0 0.4784931506849315 0.9772504892367906 0.019452054794520546 0.045499021526418784
0 0.2576712328767123 0.6656066536203522 0.07041095890410959 0.10420743639921722
0 0.19986301369863013 0.7130626223091976 0.06657534246575342 0.07289628180039139
0 0.2543835616438356 0.9317514677103718 0.030958904109589038 0.1296477495107632
0 0.4861643835616438 0.825587084148728 0.012328767123287671 0.1149706457925636
0 0.22794520547945205 0.6624266144814089 0.026849315068493147 0.03522504892367906
0 0.39849315068493146 0.583904109589041 0.03150684931506849 0.038649706457925634
0 0.45123287671232876 0.946917808219178 0.0136986301369863 0.055283757338551856
0 0.18054794520547943 0.7808219178082192 0.03945205479452055 0.05283757338551859
