0 0.42630136986301365 0.6797945205479452 0.017534246575342465 0.06506849315068493
1 0.08178082191780821 0.8737769080234833 0.16082191780821917 0.02054794520547945
0 0.46041095890410955 0.8133561643835616 0.04794520547945205 0.18933463796477495
0 0.43232876712328766 0.9821428571428571 0.009863013698630137 0.028864970645792562
0 0.20767123287671233 0.8715753424657534 0.039999999999999994 0.07289628180039139
0 0.4060273972602739 0.6523972602739726 0.0136986301369863 0.027886497064579255
0 0.40520547945205476 0.860812133072407 0.023013698630136983 0.24804305283757339
0 0.13986301369863013 0.9153620352250489 0.09561643835616437 0.1634050880626223
1 0.5182191780821918 0.9576810176125244 0.06767123287671233 0.05039138943248532
0 0.3876712328767123 0.6042074363992171 0.015342465753424656 0.060665362035225046
1 0.304931506849315 0.8913894324853229 0.1884931506849315 0.026418786692759294
0 0.30780821917808215 0.6915362035225049 0.03150684931506849 0.045499021526418784
1 0.5210958904109588 0.8940802348336594 0.03945205479452055 0.045499021526418784
0 0.26643835616438355 0.6056751467710372 0.017260273972602738 0.01761252446183953
0 0.34493150684931506 0.823385518590998 0.024109589041095888 0.10273972602739725
1 0.49438356164383557 0.8091976516634051 0.053972602739726025 0.030332681017612523
0 0.02041095890410959 0.8033268101761252 0.03150684931506849 0.03718199608610567
0 0.09972602739726026 0.7612524461839529 0.03287671232876712 0.03522504892367906
0 0.23095890410958902 0.6323385518590998 0.03397260273972603 0.03571428571428571
0 0.2832876712328767 0.6756360078277887 0.03068493150684931 0.05577299412915851
0 0.31958904109589037 0.6139921722113503 0.0210958904109589 0.029354207436399216
0 0.23794520547945203 0.9165851272015655 0.05342465753424657 0.16095890410958902
0 0.3580821917808219 0.6978962818003913 0.017534246575342465 0.08463796477495107
0 0.4404109589041096 0.6780821917808219 0.019452054794520546 0.04892367906066536
1 0.0747945205479452 0.823385518590998 0.1484931506849315 0.03522504892367906
1 0.44863013698630133 0.9562133072407044 0.07041095890410959 0.0337573385518591
0 0.4080821917808219 0.6908023483365948 0.01780821917808219 0.040117416829745595
0 0.3061643835616438 0.7475538160469667 0.02547945205479452 0.0410958904109589
1 0.06027397260273972 0.9410469667318981 0.12054794520547944 0.024951076320939333
