0 0.3794949217677738 0.8121019108280254 0.046939335712325 0.375796178343949
0 0.4766675816634641 0.8089171974522292 0.07438923963766127 0.15972562469377755
0 0.4520999176502882 0.6197942185203331 0.01482294811968158 0.021558059774620282
0 0.2875377436178973 0.6141597256246938 0.09360417238539664 0.08574228319451249
0 0.3829261597584408 0.6185693287604116 0.02250892121877573 0.09358157765801078
0 0.4328849849025528 0.6053405193532582 0.009332967334614329 0.021068103870651642
0 0.4518254186110348 0.9358157765801077 0.02250892121877573 0.1224889759921607
0 0.4321987373044194 0.6313081822635963 0.01564644523744167 0.04360607545320921
0 0.41668954158660443 0.5529152376286134 0.012626955805654679 0.030867221950024497
0 0.45690365083722206 0.8157765801077903 0.11611309360417238 0.3674669279764821
0 0.15962119132583036 0.9149926506614404 0.10897611858358495 0.17001469867711905
0 0.4503156738951413 0.6656050955414012 0.00960746637386769 0.033806957373836356
0 0.43343398298105956 0.6994120529152377 0.01372495196266813 0.03968642822146007
0 0.42314026900905843 0.5850073493385595 0.011803458687894591 0.034296913277805
0 0.40516058193796317 0.5874571288584027 0.021959923140269007 0.03723664870161685
0 0.26297007960472135 0.7251347378735914 0.13889651386220148 0.22341989220970113
