0 0.4489431786988745 0.6785889269965703 0.02662640680757617 0.030377266046055854
0 0.3516332692835575 0.5583047525722685 0.003293988471040351 0.008329250367466928
1 0.43576722481471314 0.7006369426751592 0.04748833379083173 0.006859382655560999
0 0.34984902552841063 0.6141597256246938 0.007960472138347515 0.0240078392944635
0 0.3698874553939061 0.5585497305242528 0.00960746637386769 0.018618324350808426
1 0.3558880043919846 0.5798628123468887 0.02662640680757617 0.007349338559529642
0 0.4622563821026626 0.7339539441450269 0.0675267636563272 0.12346888780009799
1 0.3464177875377436 0.5698187163155316 0.009881965413121054 0.012738853503184714
0 0.4268460060389788 0.6163645271925526 0.03184188855339006 0.023517883390494855
1 0.3948668679659621 0.6322880940715335 0.10842712050507823 0.0240078392944635
0 0.32994784518254183 0.6751592356687898 0.01482294811968158 0.036256736893679566
0 0.43508097721657973 0.6518863302302793 0.01921493274773538 0.020088192062714356
1 0.42012077957727145 0.5881920627143556 0.01564644523744167 0.0034296913277804997
1 0.5395278616524842 0.9679078882900539 0.04309634916277793 0.014208721215090642
0 0.06258578094976668 0.8162665360117589 0.12462256382102661 0.1283684468397844
1 0.40392533626132304 0.5734933855952964 0.0447433433982981 0.014208721215090642
0 0.322124622563821 0.5676139147476728 0.00960746637386769 0.024987751102400785
0 0.4055723304968432 0.604360607545321 0.006862475981334065 0.018128368446839783
1 0.42231677189129835 0.594561489465948 0.020587427944002194 0.004409603135717786
1 0.36727971452099917 0.8037726604605585 0.02854790008234971 0.0102890739833415
0 0.49794125720559973 0.8936795688388045 0.04611583859456492 0.20970112689857912
