2 0.03657534246575342 0.8686399217221135 0.07315068493150684 0.1159491193737769
2 0.23890410958904107 0.6538649706457925 0.03616438356164383 0.01223091976516634
1 0.37273972602739724 0.5716731898238747 0.10547945205479452 0.010273972602739725
3 0.3067123287671233 0.7181996086105675 0.04410958904109589 0.02054794520547945
3 0.3327397260273972 0.6597358121330724 0.07260273972602739 0.048434442270058706
2 0.24863013698630135 0.973091976516634 0.05780821917808219 0.050880626223091974
2 0.11547945205479451 0.7827788649706457 0.07643835616438356 0.04207436399217221
2 0.316986301369863 0.7539138943248532 0.04547945205479452 0.060665362035225046
2 0.3531506849315068 0.7045009784735812 0.028493150684931506 0.03522504892367906
3 0.32136986301369863 0.6974070450097847 0.06027397260273972 0.02201565557729941
