1 0.10767123287671232 0.723825831702544 0.15999999999999998 0.03962818003913894
0 0.16863013698630136 0.8676614481409002 0.07095890410958904 0.12181996086105674
1 0.4110958904109589 0.6660958904109588 0.11424657534246574 0.02592954990215264
0 0.29890410958904107 0.574853228962818 0.03068493150684931 0.023483365949119372
1 0.3776712328767123 0.5680039138943248 0.06328767123287671 0.008806262230919765
0 0.3426027397260274 0.6783268101761252 0.04191780821917808 0.10420743639921722
0 0.34684931506849315 0.857876712328767 0.0673972602739726 0.2803326810176125
0 0.32780821917808217 0.6095890410958904 0.024383561643835615 0.0410958904109589
1 0.2705479452054794 0.6920254403131115 0.16410958904109588 0.0474559686888454
0 0.26835616438356164 0.773238747553816 0.08136986301369863 0.09735812133072407
