0 0.23579467471863846 0.6239588437040666 0.045566840516058194 0.025967662910338068
2 0.41284655503705736 0.5585497305242528 0.023606917375789183 0.041156295933366
0 0.1225638210266264 0.8723664870161685 0.08207521273675542 0.1602155805977462
0 0.0997804007685973 0.9578637922586967 0.03980236069173758 0.07741303282704556
0 0.21918748284381004 0.6673199412052915 0.035410376063683774 0.03723664870161685
0 0.2965962119132583 0.5984811366976972 0.07164424924512763 0.06222439980401764
0 0.30139994510019213 0.5774130328270456 0.006587976942080702 0.015188633023027927
0 0.19173757891847376 0.6538461538461539 0.06780126269558057 0.03674669279764821
0 0.08523195168816909 0.7410583047525723 0.1671699149052978 0.12101910828025478
0 0.193796321712874 0.7349338559529642 0.09168267911062311 0.1283684468397844
0 0.16401317595388415 0.8552180303772661 0.02003842986549547 0.04850563449289564
0 0.06807576173483393 0.8032827045565899 0.13615152346966786 0.1190592846643802
0 0.4441394455119407 0.8143067123958844 0.09991765028822398 0.27535521803037727
0 0.26022508921218773 0.602155805977462 0.045566840516058194 0.03135717785399314
0 0.24169640406258577 0.862077413032827 0.13642602250892122 0.27388535031847133
