0 0.44153170463903374 0.6832435080842724 0.02003842986549547 0.033806957373836356
0 0.5481745813889651 0.9745222929936306 0.04007685973099094 0.03723664870161685
0 0.2839692561076036 0.6756491915727585 0.09305517430688992 0.144047035766781
0 0.027724402964589622 0.90249877511024 0.04940982706560527 0.023517883390494855
0 0.4596486412297557 0.6940225379715825 0.011803458687894591 0.015188633023027927
0 0.41929728245951137 0.6217540421362078 0.014548449080428218 0.04017638412542871
2 0.16607191874828436 0.8740813326800588 0.2552841065056272 0.2508574228319451
0 0.2451276420532528 0.677609015188633 0.10485863299478451 0.14502694757471826
0 0.4967060115289596 0.9169524742773151 0.04748833379083173 0.16217540421362078
0 0.040625857809497665 0.7337089661930426 0.07905572330496843 0.06222439980401764
2 0.39363162228932197 0.7520823125918668 0.04611583859456492 0.12052915237628613
0 0.33502607740872903 0.5592846643802057 0.011803458687894591 0.07986281234688877
0 0.14548449080428216 0.7204801567858893 0.09552566566017018 0.06320431161195492
0 0.08125171561899533 0.7403233708966193 0.0697227559703541 0.04997550220480157
0 0.378534175130387 0.5962763351298384 0.014273950041174856 0.027437530622243998
