0 0.28493000274499036 0.7748652621264086 0.10046664836673071 0.11611954924056835
0 0.10142739500411747 0.8753062224399804 0.11446609936865221 0.08672219500244978
0 0.10911336810321164 0.779764821166095 0.20230579192972822 0.19255267025967662
0 0.21163875926434256 0.6295933365997061 0.05819379632171287 0.048015678588927
1 0.037469118858083995 0.8245957863792258 0.04364534724128465 0.012738853503184714
0 0.0997804007685973 0.7535521803037727 0.19571781498764754 0.16168544830965212
2 0.37386769146307985 0.8929446349828515 0.08015371946198188 0.12199902008819206
1 0.07452648915728795 0.9272415482606565 0.1490529783145759 0.040666340029397355
1 0.37592643425748007 0.9485546300832924 0.4383749656876201 0.050955414012738856
0 0.18377710678012626 0.6653601175894169 0.03705737029920395 0.036256736893679566
