1 0.2656164383561644 0.6232876712328766 0.03424657534246575 0.009784735812133072
0 0.2638356164383561 0.6949608610567515 0.014246575342465753 0.026908023483365948
0 0.38301369863013696 0.8297455968688845 0.012602739726027396 0.03424657534246575
0 0.32315068493150684 0.6462818003913894 0.010684931506849314 0.022504892367906065
2 0.4710958904109589 0.5885518590998042 0.06547945205479451 0.08904109589041095
0 0.2106849315068493 0.8006360078277887 0.019726027397260273 0.052348336594911934
0 0.38136986301369863 0.5677592954990215 0.004383561643835616 0.01614481409001957
0 0.5576712328767123 0.8813600782778864 0.10712328767123287 0.22064579256360078
1 0.33383561643835613 0.7551369863013698 0.333972602739726 0.021037181996086105
1 0.3784931506849315 0.6350293542074363 0.07534246575342465 0.00684931506849315
1 0.3121917808219178 0.6802837573385518 0.37616438356164383 0.03571428571428571
0 0.42794520547945203 0.7896281800391389 0.03178082191780822 0.03522504892367906
1 0.3565753424657534 0.5878180039138943 0.13780821917808217 0.0053816046966731895
0 0.3587671232876712 0.9085127201565557 0.018904109589041096 0.13013698630136986
0 0.27835616438356164 0.5998043052837573 0.019726027397260273 0.02054794520547945
