0 0.32830085094702166 0.5943165115139637 0.01976393082624211 0.051935325820676136
0 0.38539665111172106 0.6420872121509064 0.038978863573977486 0.05242528172464478
0 0.3904748833379083 0.6009309162175404 0.0315673895141367 0.06516413522782949
0 0.43631622289321986 0.6469867711905928 0.006862475981334065 0.024987751102400785
0 0.465962119132583 0.9392454679078883 0.031018391435629972 0.11562959333659971
0 0.33969256107603624 0.6273885350318471 0.0381553664562174 0.0641842234198922
0 0.29481196815811145 0.698187163155316 0.047213834751578365 0.07055365017148457
3 0.23648092231677187 0.7844194022537971 0.015097447158934943 0.01567858892699657
0 0.3742794400219599 0.7528172464478197 0.05462530881141916 0.18275355218030376
3 0.21383475157836945 0.821656050955414 0.017018940433708482 0.023517883390494855
0 0.4291792478726324 0.7898089171974522 0.03486137798517705 0.2586967172954434
0 0.2825967609113368 0.6369426751592356 0.031018391435629972 0.035276825085742286
0 0.3266538567115015 0.9198922097011268 0.10540763107329124 0.12101910828025478
0 0.34381004666483667 0.6731994120529152 0.034312379906670326 0.02645761881430671
0 0.23730441943453195 0.7003919647231749 0.031018391435629972 0.07790298873101421
