1 0.41068493150684926 0.7279843444227005 0.05205479452054794 0.010763209393346379
0 0.27821917808219176 0.7950097847358121 0.03753424657534246 0.09784735812133072
0 0.31123287671232874 0.5768101761252445 0.006575342465753424 0.012720156555772993
0 0.3257534246575342 0.610078277886497 0.004931506849315068 0.0410958904109589
0 0.13972602739726026 0.6959393346379648 0.08273972602739725 0.06702544031311154
0 0.2313698630136986 0.9202544031311154 0.06383561643835615 0.15949119373776907
0 0.3121917808219178 0.6893346379647749 0.033150684931506844 0.11937377690802348
0 0.06301369863013698 0.7707925636007827 0.06958904109589041 0.074853228962818
3 0.23890410958904107 0.8003913894324852 0.016986301369863014 0.019569471624266144
1 0.29205479452054794 0.6768590998043053 0.04602739726027397 0.009295499021526418
0 0.03178082191780822 0.7827788649706457 0.06356164383561644 0.05283757338551859
1 0.24027397260273972 0.7561154598825831 0.11397260273972602 0.013209393346379647
