0 0.5227397260273973 0.8143346379647749 0.06301369863013698 0.2089041095890411
2 0.414931506849315 0.6064090019569471 0.0747945205479452 0.13845401174168298
0 0.4663013698630137 0.897504892367906 0.032328767123287666 0.1981409001956947
0 0.3961643835616438 0.723825831702544 0.0136986301369863 0.09540117416829745
0 0.3310958904109589 0.5824363992172211 0.05068493150684931 0.04256360078277886
0 0.33643835616438356 0.6147260273972602 0.04273972602739726 0.06604696673189824
0 0.17945205479452053 0.8661937377690802 0.14520547945205478 0.24510763209393344
0 0.47602739726027393 0.7468199608610567 0.04191780821917808 0.11888454011741682
0 0.2935616438356164 0.6866438356164383 0.04794520547945205 0.06311154598825831
0 0.424931506849315 0.7071917808219178 0.012602739726027396 0.06800391389432485
0 0.24575342465753422 0.735078277886497 0.0136986301369863 0.031800391389432484
0 0.43465753424657533 0.8385518590998042 0.015616438356164383 0.15949119373776907
