0 0.48339280812517155 0.8863302302792748 0.04501784243755146 0.14012738853503184
0 0.4290419983530057 0.8219010289073984 0.010430963491627778 0.037726604605585495
0 0.4698051056821301 0.7437530622243997 0.1276420532528136 0.11366976972072514
0 0.4525116662091682 0.904703576678099 0.013450452923414766 0.03184713375796178
0 0.4463354378259676 0.6126898579127878 0.04776283283008509 0.07986281234688877
0 0.34106505627230305 0.6001959823615874 0.021136426022508918 0.04899559039686428
0 0.3978863573977491 0.5722684958353748 0.012352456766401317 0.009799118079372856
0 0.365632720285479 0.978686918177364 0.008783969256107603 0.0240078392944635
0 0.46129563546527586 0.8652621264086232 0.013999451001921492 0.025477707006369428
2 0.19873730441943452 0.9142577168054875 0.13779851770518803 0.164625183733464
0 0.3864946472687345 0.8655071043606075 0.009332967334614329 0.023027927486526212
1 0.2436178973373593 0.6239588437040666 0.017293439472961844 0.007349338559529642
1 0.06793851221520725 0.7662910338069574 0.05407631073291243 0.012738853503184714
0 0.012352456766401317 0.8189612934835865 0.024704913532802634 0.0171484566389025
0 0.4029645896239363 0.6878980891719745 0.006038978863573977 0.06859382655561
1 0.1921493274773538 0.7586967172954434 0.03952786165248422 0.007349338559529642
1 0.33406533077134226 0.5509554140127388 0.020312928904748832 0.004409603135717786
1 0.41065056272303047 0.8503184713375797 0.03184188855339006 0.02988731014208721
0 0.5244304144935492 0.964968152866242 0.03046939335712325 0.06516413522782949
1 0.3263793576722481 0.6810387065164135 0.058742794400219595 0.014698677119059284
0 0.43864946472687344 0.6283684468397844 0.01372495196266813 0.018128368446839783
1 0.33832006587976937 0.538951494365507 0.011254460609387866 0.0039196472317491425
0 0.43851221520724676 0.964233219010289 0.014548449080428218 0.06761391474767271
0 0.18254186110348614 0.6651151396374326 0.050507823222618715 0.0583047525722685
0 0.4184737853417513 0.8875551200391965 0.008509470216854241 0.0171484566389025
