0 0.1351907768322811 0.9429201371876531 0.06450727422454021 0.11415972562469377
1 0.39088663189678835 0.7853993140617345 0.040625857809497665 0.008819206271435572
1 0.14960197639308262 0.7760901518863302 0.12077957727147955 0.046055854973052424
1 0.3147131485039802 0.6560509554140127 0.20120779577271478 0.03135717785399314
1 0.3778479275322536 0.699657030867222 0.060664287674993135 0.02253797158255757
0 0.06560527038155366 0.849093581577658 0.13121054076310731 0.16070553650171485
0 0.19928630249794124 0.8814306712395884 0.06368377710678012 0.11562959333659971
1 0.24348064781773263 0.6915727584517394 0.09442766950315673 0.009309162175404213
0 0.20587427944002196 0.7087212150906418 0.021959923140269007 0.0240078392944635
1 0.23181443864946472 0.8106320431161196 0.045292341476804825 0.018128368446839783
1 0.36604446884435904 0.5884370406663401 0.06011528959648641 0.014698677119059284
0 0.2655778204776283 0.8486036256736893 0.06615426846006038 0.22929936305732485
0 0.3188306340927807 0.7089661930426262 0.05297831457589898 0.061734443900048994
1 0.21081526214658247 0.7305242528172464 0.18885533900631346 0.03331700146986771
1 0.05393906121328575 0.9600685938265556 0.10513313203403787 0.009309162175404213
