0 0.4063013698630137 0.9266144814090019 0.013150684931506848 0.13111545988258316
0 0.44342465753424654 0.9677103718199608 0.012328767123287671 0.04207436399217221
0 0.46342465753424655 0.9875244618395302 0.018904109589041096 0.02299412915851272
2 0.33041095890410954 0.5528375733855185 0.029041095890410956 0.04403131115459882
3 0.30972602739726024 0.5782778864970646 0.011232876712328766 0.004892367906066536
0 0.45178082191780816 0.9324853228962817 0.013150684931506848 0.03718199608610567
2 0.2228767123287671 0.6523972602739726 0.1454794520547945 0.12475538160469667
0 0.40410958904109584 0.5731409001956946 0.01917808219178082 0.034735812133072405
1 0.5175342465753424 0.9170743639921721 0.1358904109589041 0.027886497064579255
2 0.166986301369863 0.8977495107632093 0.333972602739726 0.20156555772994128
2 0.11726027397260273 0.7546477495107632 0.14082191780821918 0.08170254403131115
