0 0.247186384847653 0.7165605095541401 0.05627230304693933 0.06614404703576678
0 0.027998902003842984 0.7920137187653111 0.05325281361515234 0.04556589906908378
0 0.20958001646994234 0.658500734933856 0.028822399121603073 0.03135717785399314
0 0.2775185286851496 0.6168544830965214 0.01976393082624211 0.02253797158255757
1 0.338045566840516 0.7966682998530132 0.055723304968432606 0.021558059774620282
0 0.18267911062311282 0.6636452719255267 0.0359593741421905 0.030867221950024497
0 0.30620367828712597 0.6829985301322881 0.04858632994784518 0.10387065164135227
1 0.25802909689816084 0.7765801077902988 0.04776283283008509 0.034296913277805
0 0.30194894317869886 0.6124448799608035 0.026900905846829533 0.02645761881430671
1 0.42657150699972546 0.854483096521313 0.0653307713423003 0.057814796668299855
