0 0.44427669503156736 0.6886330230279275 0.046939335712325 0.16805487506124447
0 0.28712599505901726 0.7048015678588927 0.012626955805654679 0.05536501714845664
0 0.1796596211913258 0.6607055365017148 0.0359593741421905 0.04164625183733464
0 0.48051056821301125 0.9747672709456149 0.016195443315948393 0.030867221950024497
0 0.27779302772440295 0.8290053895149436 0.05764479824320615 0.2116609505144537
0 0.3288498490255284 0.6320431161195492 0.020861926983255556 0.09995100440960314
0 0.5226461707384024 0.7469377756001959 0.01921493274773538 0.04164625183733464
0 0.6082898709854515 0.9206271435570799 0.050507823222618715 0.13130818226359628
1 0.6612681855613505 0.9784419402253797 0.038978863573977486 0.019598236158745713
0 0.4851770518803184 0.8897599216070553 0.03650837222069722 0.1430671239588437
0 0.4831183090859182 0.7937285644292014 0.024155915454295906 0.061734443900048994
0 0.23497117760087838 0.6291033806957373 0.03074389239637661 0.05585497305242528
0 0.08578094976667582 0.8417442430181283 0.17046390337633818 0.3057324840764331
0 0.49780400768597305 0.698922097011269 0.007960472138347515 0.028907398334149927
0 0.2783420258029097 0.9608035276825085 0.020312928904748832 0.06957373836354729
