0 0.46129563546527586 0.7192552670259676 0.011254460609387866 0.06565409113179814
0 0.4063958276146033 0.615874571288584 0.031018391435629972 0.07055365017148457
0 0.2618720834477079 0.6374326310632042 0.01811693659072193 0.04409603135717785
0 0.05791929728245951 0.9409603135717786 0.10870161954433159 0.11415972562469377
0 0.4147680483118309 0.6883880450759432 0.017018940433708482 0.023517883390494855
0 0.5196266813066154 0.8716315531602156 0.09223167718912983 0.2508574228319451
1 0.42368926708756516 0.7535521803037727 0.05846829536096623 0.018618324350808426
0 0.3420258029096898 0.8302302792748653 0.06148778479275322 0.33268005879470847
0 0.10774087290694481 0.8319451249387555 0.04748833379083173 0.058794708476237134
0 0.2589898435355476 0.7444879960803528 0.04144935492725775 0.0583047525722685
0 0.3941806203678287 0.8802057814796668 0.03623387318144386 0.23076923076923075
1 0.17224814713148504 0.8606075453209211 0.2714795498215756 0.06810387065164135
0 0.047351084271205046 0.8461538461538461 0.04144935492725775 0.06565409113179814
2 0.3593192423826516 0.5769230769230769 0.02635190776832281 0.037726604605585495
0 0.15564095525665658 0.9309162175404213 0.07576173483392808 0.13130818226359628
0 0.2569311007411474 0.6881430671239588 0.04776283283008509 0.03870651641352278
0 0.3778479275322536 0.6273885350318471 0.01564644523744167 0.06320431161195492
