0 0.5105682130112544 0.636452719255267 0.007136975020587428 0.016658500734933857
0 0.48833379083173206 0.7221950024497795 0.024155915454295906 0.09309162175404213
0 0.35684875102937136 0.699657030867222 0.01976393082624211 0.03135717785399314
0 0.3941806203678287 0.6099951004409603 0.008234971177600877 0.016658500734933857
0 0.37757342849300024 0.561734443900049 0.0359593741421905 0.02988731014208721
0 0.47776557782047757 0.6308182263596276 0.022783420258029097 0.049485546300832926
0 0.058742794400219595 0.7648211660950515 0.11089761185835849 0.04507594316511514
0 0.17279714520999176 0.7273395394414502 0.12050507823222618 0.10730034296913278
0 0.3856711501509744 0.6673199412052915 0.018665934669228657 0.02449779519843214
1 0.4831183090859182 0.5644292013718766 0.013175953884161404 0.007839294463498285
0 0.47570683502607736 0.5583047525722685 0.003293988471040351 0.013228809407153356
0 0.6080153719461981 0.8863302302792748 0.04611583859456492 0.12052915237628613
0 0.49794125720559973 0.8821656050955414 0.03952786165248422 0.23174914257716805
0 0.46198188306340926 0.5668789808917197 0.008783969256107603 0.029397354238118567
0 0.5730167444413944 0.9407153356197941 0.017293439472961844 0.11170994610485056
0 0.12462256382102661 0.7633512983831455 0.034037880867416964 0.039196472317491425
0 0.3057919297282459 0.6320431161195492 0.14548449080428216 0.09309162175404213
0 0.4006313477902827 0.5989710926016658 0.003568487510293714 0.007349338559529642
0 0.4866867965962119 0.6673199412052915 0.010430963491627778 0.03331700146986771
0 0.4374142190502333 0.753797158255757 0.011254460609387866 0.033806957373836356
0 0.5076859730990941 0.6087702106810386 0.006862475981334065 0.02988731014208721
0 0.48682404611583857 0.5756981871631554 0.003568487510293714 0.014698677119059284
0 0.2797145209991765 0.8530132288094071 0.08564370024704913 0.29103380695737385
0 0.3292615975844084 0.801077902988731 0.01564644523744167 0.034296913277805
0 0.48682404611583857 0.5930916217540422 0.004666483667307164 0.009309162175404213
0 0.2259127093055174 0.6545810877021068 0.03678287125995059 0.04017638412542871
0 0.3834751578369475 0.6330230279274865 0.008783969256107603 0.03135717785399314
0 0.10266264068075762 0.732484076433121 0.032390886631896786 0.02253797158255757
0 0.5422728520450179 0.8373346398824105 0.017842437551468568 0.034296913277805
1 0.5209991765028822 0.8121019108280254 0.030194894317869887 0.021068103870651642
0 0.3985726049958825 0.6487016168544831 0.01152895964864123 0.013718765311121999
