0 0.30630136986301365 0.6807729941291585 0.052602739726027394 0.052348336594911934
3 0.4916438356164383 0.5601761252446184 0.0052054794520547945 0.00684931506849315
0 0.48068493150684927 0.8405088062622309 0.010684931506849314 0.033268101761252444
0 0.37232876712328766 0.9748043052837573 0.020273972602739724 0.04354207436399217
2 0.20726027397260272 0.8759784735812133 0.2917808219178082 0.24804305283757339
3 0.3143835616438356 0.6411448140900196 0.0473972602739726 0.01908023483365949
0 0.549041095890411 0.9449608610567514 0.03835616438356164 0.11007827788649706
3 0.42945205479452053 0.5853718199608611 0.02054794520547945 0.01223091976516634
2 0.4675342465753424 0.956702544031311 0.06164383561643835 0.08659491193737769
0 0.2287671232876712 0.74853228962818 0.0273972602739726 0.021526418786692758
