0 0.24643835616438353 0.983610567514677 0.00958904109589041 0.026908023483365948
0 0.08301369863013698 0.7629647749510763 0.12383561643835615 0.10714285714285714
0 0.3098630136986301 0.7793542074363992 0.09972602739726026 0.18590998043052837
0 0.2910958904109589 0.9256360078277885 0.057260273972602735 0.11252446183953033
0 0.3672602739726027 0.62279843444227 0.05287671232876712 0.07338551859099804
0 0.5138356164383562 0.736545988258317 0.04904109589041095 0.07387475538160469
0 0.3317808219178082 0.5655577299412915 0.024109589041095888 0.0273972602739726
0 0.42301369863013694 0.5851272015655578 0.010410958904109589 0.019569471624266144
1 0.4495890410958904 0.6188845401174168 0.028493150684931506 0.014677103718199608
0 0.16767123287671232 0.7421722113502935 0.023561643835616437 0.03522504892367906
0 0.2878082191780822 0.611545988258317 0.06438356164383562 0.0684931506849315
0 0.3698630136986301 0.572651663405088 0.018082191780821915 0.028864970645792562
0 0.32821917808219175 0.6166829745596869 0.021917808219178082 0.04256360078277886
1 0.3750684931506849 0.675880626223092 0.05917808219178082 0.038649706457925634
0 0.2628767123287671 0.6543542074363992 0.08082191780821918 0.05626223091976516
1 0.39835616438356164 0.635518590998043 0.06575342465753424 0.02446183953033268
0 0.4065753424657534 0.8468688845401173 0.03616438356164383 0.3023483365949119
0 0.15986301369863012 0.9307729941291585 0.07917808219178081 0.13454011741682975
0 0.19917808219178082 0.7035225048923679 0.047123287671232875 0.04207436399217221
0 0.21602739726027395 0.8187377690802348 0.04191780821917808 0.06800391389432485
1 0.21739726027397258 0.7448630136986301 0.07205479452054794 0.04354207436399217
0 0.4116438356164383 0.6088551859099804 0.012328767123287671 0.026908023483365948
0 0.4610958904109589 0.8221624266144814 0.07287671232876712 0.34980430528375733
1 0.20424657534246574 0.6893346379647749 0.27534246575342464 0.07436399217221135
0 0.43301369863013695 0.613013698630137 0.00684931506849315 0.033268101761252444
0 0.3987671232876712 0.5853718199608611 0.011780821917808219 0.009295499021526418
