0 0.3266538567115015 0.5999510044096031 0.053801811693659066 0.10142087212150906
0 0.2804007685973099 0.6095051445369917 0.0315673895141367 0.023517883390494855
0 0.07150699972550095 0.9478196962273395 0.060664287674993135 0.09064184223419892
0 0.3608289870985451 0.5340519353258206 0.011254460609387866 0.011758941695247428
0 0.22701070546253085 0.677609015188633 0.054350809772165797 0.057814796668299855
0 0.22755970354103758 0.8221460068593827 0.055448805929179244 0.19108280254777069
0 0.15179796870710952 0.7422831945124939 0.05270381553664562 0.043116119549240564
0 0.44084545704090033 0.9740323370896619 0.021410925061762284 0.048015678588927
0 0.44798243206148775 0.8880450759431651 0.01372495196266813 0.08868201861832435
0 0.41572879494921766 0.8280254777070064 0.032116387592643424 0.10289073983341498
0 0.1644249245127642 0.9299363057324841 0.0763107329124348 0.1224889759921607
0 0.023744166895415864 0.871141597256247 0.04419434531979138 0.04703576678098971
2 0.4026900905846829 0.6462518373346399 0.04007685973099094 0.15090641842234198
