0 0.33671232876712326 0.9212328767123287 0.034520547945205475 0.15459882583170254
0 0.3731506849315068 0.6027397260273972 0.0136986301369863 0.046966731898238745
0 0.20534246575342463 0.6604696673189824 0.03150684931506849 0.030332681017612523
1 0.32986301369863014 0.7067025440313112 0.07013698630136986 0.02201565557729941
1 0.22506849315068492 0.7091487279843444 0.05780821917808219 0.02201565557729941
0 0.38671232876712325 0.9821428571428571 0.014520547945205478 0.0337573385518591
0 0.34342465753424656 0.5865949119373777 0.011780821917808219 0.02054794520547945
0 0.4161643835616438 0.6198630136986301 0.012054794520547944 0.022504892367906065
0 0.18369863013698629 0.8520058708414873 0.1706849315068493 0.2871819960861057
0 0.41424657534246573 0.5917318982387475 0.011506849315068492 0.017123287671232876
1 0.4272602739726027 0.7262720156555773 0.13397260273972603 0.027886497064579255
0 0.410958904109589 0.5540606653620352 0.0273972602739726 0.04354207436399217
0 0.33821917808219176 0.6404109589041096 0.018356164383561642 0.040117416829745595
0 0.4050684931506849 0.6005381604696672 0.015616438356164383 0.027886497064579255
0 0.3987671232876712 0.7394814090019569 0.01506849315068493 0.06898238747553816
0 0.28191780821917806 0.598825831702544 0.010958904109589041 0.012720156555772993
