0 0.1394455119407082 0.7836844683978442 0.08454570409003567 0.11807937285644292
0 0.21520724677463626 0.7974032337089662 0.032390886631896786 0.05536501714845664
3 0.03609662366181718 0.9551690347868692 0.01894043370848202 0.02792748652621264
1 0.5645072742245402 0.8319451249387555 0.0447433433982981 0.027437530622243998
0 0.2003842986549547 0.9679078882900539 0.023606917375789183 0.05144536991670749
0 0.23606917375789183 0.6291033806957373 0.020861926983255556 0.046055854973052424
0 0.18309085918199286 0.8625673689367956 0.035684875102937136 0.0583047525722685
1 0.659758440845457 0.9769720725134737 0.05078232226187208 0.04507594316511514
3 0.032116387592643424 0.9044585987261147 0.01811693659072193 0.030377266046055854
0 0.356574251990118 0.623468887800098 0.012626955805654679 0.037726604605585495
1 0.29138073016744437 0.9294463498285154 0.23085369201207795 0.06761391474767271
