0 0.37894592368926705 0.6200391964723175 0.024430414493549272 0.04360607545320921
1 0.23455942904199834 0.72562469377756 0.09415317046390337 0.057814796668299855
0 0.1679934120230579 0.7283194512493876 0.09003568487510293 0.06124448799608035
1 0.09456491902278341 0.8248407643312102 0.18583584957452648 0.1259186673199412
1 0.32541861103486136 0.6861832435080842 0.1034861377985177 0.09652131308182263
0 0.4133955531155641 0.7616364527192553 0.010430963491627778 0.07986281234688877
0 0.33337908317320886 0.6229789318961293 0.05791929728245951 0.04654581087702107
0 0.24993137524018663 0.66609505144537 0.11391710129014547 0.05046545810877021
0 0.38882788910238814 0.822390984811367 0.01894043370848202 0.06222439980401764
0 0.43494372769695305 0.733219010289074 0.03486137798517705 0.16511513963743263
0 0.22852045017842437 0.7474277315041646 0.08976118583584956 0.04262616364527193
0 0.23236343672797144 0.7974032337089662 0.08811419160032939 0.12297893189612935
0 0.184326104858633 0.9593336599706026 0.03486137798517705 0.06859382655561
