0 0.3361240735657425 0.6175894169524743 0.038704364534724124 0.06222439980401764
0 0.1320340378808674 0.7341989220970112 0.071918748284381 0.060264576188143064
0 0.3783969256107603 0.6859382655560999 0.00741147405984079 0.01567858892699657
0 0.01797968707109525 0.8074473297403234 0.0359593741421905 0.027437530622243998
0 0.3557507548723579 0.9296913277804998 0.045566840516058194 0.14061734443900048
0 0.2790282734010431 0.5962763351298384 0.059017293439472956 0.050955414012738856
0 0.40159209442766947 0.6447819696227339 0.017018940433708482 0.13130818226359628
0 0.21781498764754323 0.6511513963743263 0.0403513587702443 0.034296913277805
0 0.1561899533351633 0.9634982851543361 0.023606917375789183 0.06516413522782949
0 0.538292615975844 0.8816756491915727 0.0653307713423003 0.22586967172954434
0 0.28794949217677734 0.9414502694757472 0.02305791929728246 0.056344928956393925
0 0.2569311007411474 0.77437530622244 0.11419160032939885 0.17883390494855464
0 0.3976118583584957 0.5563449289563939 0.008509470216854241 0.020088192062714356
