1 0.25958904109589037 0.9527886497064578 0.0747945205479452 0.08561643835616438
0 0.44520547945205474 0.8158023483365948 0.009863013698630137 0.05626223091976516
2 0.40369863013698626 0.7355675146771037 0.027123287671232874 0.11203522504892367
0 0.47232876712328764 0.811399217221135 0.020273972602739724 0.055283757338551856
0 0.3321917808219178 0.686399217221135 0.0758904109589041 0.05185909980430528
0 0.3250684931506849 0.8082191780821917 0.055068493150684926 0.18786692759295498
1 0.38123287671232875 0.8798923679060665 0.16794520547945205 0.07876712328767123
0 0.39191780821917804 0.8439334637964775 0.016164383561643833 0.04403131115459882
1 0.4116438356164383 0.6484833659491194 0.09397260273972602 0.024951076320939333
0 0.19493150684931507 0.8145792563600782 0.19534246575342465 0.2045009784735812
