0 0.34696678561625033 0.6391474767270946 0.02250892121877573 0.03576678098971092
0 0.4147680483118309 0.6903478686918177 0.024704913532802634 0.14502694757471826
0 0.43343398298105956 0.8667319941205291 0.021410925061762284 0.26065654091131796
2 0.1195443315948394 0.8287604115629593 0.23524567664013174 0.30720235178833905
0 0.3904748833379083 0.8089171974522292 0.052429316497392256 0.07055365017148457
0 0.4381004666483667 0.6773640372366487 0.01372495196266813 0.06516413522782949
0 0.29851770518803183 0.7809897109260167 0.045292341476804825 0.12052915237628613
0 0.4306889925885259 0.5867221950024498 0.02250892121877573 0.06908378245957864
2 0.2632445786439747 0.6281234688878001 0.053801811693659066 0.10191082802547771
0 0.23085369201207795 0.9573738363547281 0.053801811693659066 0.08133268005879471
