0 0.4253424657534246 0.6059197651663405 0.010684931506849314 0.02201565557729941
1 0.3089041095890411 0.5917318982387475 0.06383561643835615 0.017123287671232876
0 0.22945205479452052 0.7617416829745597 0.1032876712328767 0.15362035225048923
0 0.5402739726027397 0.909491193737769 0.04602739726027397 0.09001956947162426
0 0.4576712328767123 0.7504892367906066 0.03150684931506849 0.11741682974559686
0 0.3465753424657534 0.5814579256360078 0.014794520547945205 0.02201565557729941
0 0.5012328767123287 0.8329256360078278 0.029315068493150683 0.11007827788649706
0 0.3 0.6523972602739726 0.03178082191780822 0.05136986301369863
0 0.3646575342465753 0.6357632093933463 0.025753424657534246 0.04647749510763209
1 0.3776712328767123 0.5973581213307241 0.05232876712328767 0.009784735812133072
0 0.09876712328767123 0.7932974559686888 0.19753424657534246 0.19129158512720157
1 0.21136986301369862 0.684931506849315 0.13780821917808217 0.021526418786692758
1 0.3757534246575342 0.6952054794520548 0.10438356164383561 0.029354207436399216
0 0.4304109589041096 0.6506849315068493 0.012602739726027396 0.029354207436399216
0 0.40561643835616434 0.5890410958904109 0.00684931506849315 0.03424657534246575
