0 0.4254794520547945 0.6435909980430528 0.004931506849315068 0.021037181996086105
0 0.4373972602739726 0.6431017612524461 0.0073972602739726025 0.026908023483365948
0 0.3253424657534246 0.6438356164383561 0.016164383561643833 0.02837573385518591
0 0.3347945205479452 0.5611545988258316 0.006027397260273972 0.00684931506849315
0 0.4094520547945205 0.5941780821917808 0.07534246575342465 0.015166340508806261
0 0.38821917808219175 0.8899217221135028 0.041643835616438356 0.04207436399217221
0 0.3893150684931507 0.535958904109589 0.007671232876712328 0.01223091976516634
0 0.1687671232876712 0.9496086105675147 0.047123287671232875 0.0958904109589041
1 0.2924657534246575 0.6621819960861056 0.26164383561643834 0.01908023483365949
0 0.30424657534246574 0.6861545988258316 0.022191780821917806 0.0474559686888454
0 0.4334246575342465 0.6766144814090019 0.006575342465753424 0.03913894324853229
1 0.4115068493150685 0.6316046966731897 0.043835616438356165 0.003913894324853229
