2 0.1255833104584134 0.9027437530622244 0.2319516881690914 0.19059284664380205
2 0.394043370848202 0.5739833414992651 0.052429316497392256 0.08574228319451249
2 0.42437551468569856 0.6675649191572758 0.052154817458138894 0.05438510534051935
0 0.5786439747460883 0.9686428221460068 0.021959923140269007 0.051935325820676136
1 0.3538292615975844 0.5852523272905439 0.01592094427669503 0.006369426751592357
0 0.33969256107603624 0.5798628123468887 0.016195443315948393 0.028907398334149927
0 0.12132857534998627 0.7155805977462029 0.08619269832555586 0.08672219500244978
0 0.02758715344496294 0.805732484076433 0.05078232226187208 0.06516413522782949
0 0.3166346417787538 0.6457618814306713 0.02003842986549547 0.025477707006369428
0 0.2230304693933571 0.6268985791278785 0.09580016469942354 0.08868201861832435
