1 0.27998902003842985 0.692062714355708 0.2832830085094702 0.03282704556589907
0 0.36055448805929174 0.5979911807937286 0.004666483667307164 0.016168544830965213
0 0.37469118858083994 0.5979911807937286 0.02744990392533626 0.024987751102400785
0 0.32473236343672796 0.5700636942675159 0.007685973099094153 0.007349338559529642
0 0.3477902827340104 0.5820676139147477 0.027998902003842984 0.012738853503184714
0 0.3366730716442492 0.6085252327290543 0.04364534724128465 0.011758941695247428
0 0.2795772714795498 0.5688388045075943 0.02223442217952237 0.021558059774620282
3 0.2692835575075487 0.663890249877511 0.024704913532802634 0.021558059774620282
0 0.40831732088937683 0.6597256246937776 0.032116387592643424 0.03870651641352278
0 0.3771616799341202 0.6322880940715335 0.025253911611309358 0.044585987261146494
0 0.28657699698051053 0.6761391474767271 0.005489980785067252 0.011758941695247428
0 0.3770244304144935 0.7243998040176384 0.013999451001921492 0.033806957373836356
0 0.2854790008234971 0.6075453209211171 0.017018940433708482 0.016658500734933857
0 0.3368103211638759 0.5730034296913278 0.008783969256107603 0.004409603135717786
0 0.31224265715069993 0.6060754532092112 0.003568487510293714 0.013718765311121999
2 0.44427669503156736 0.6810387065164135 0.0403513587702443 0.043116119549240564
0 0.253225363711227 0.6041156295933365 0.011254460609387866 0.017638412542871143
0 0.3536920120779577 0.720235178833905 0.010705462530881142 0.035276825085742286
0 0.25583310458413394 0.6200391964723175 0.0043919846280538015 0.009309162175404213
0 0.1980510568213011 0.930671239588437 0.04858632994784518 0.07300342969132778
2 0.10664287674993136 0.711905928466438 0.06615426846006038 0.03723664870161685
0 0.25157836947570683 0.5872121509064184 0.006313477902827339 0.013228809407153356
