0 0.30383561643835616 0.6054305283757339 0.023013698630136983 0.02201565557729941
0 0.16424657534246573 0.9266144814090019 0.0747945205479452 0.1360078277886497
1 0.36630136986301365 0.5885518590998042 0.17424657534246574 0.010763209393346379
1 0.27794520547945206 0.8590998043052838 0.552054794520548 0.03913894324853229
0 0.41890410958904106 0.5477005870841487 0.012602739726027396 0.026908023483365948
0 0.4387671232876712 0.7392367906066536 0.004657534246575342 0.023483365949119372
0 0.4304109589041096 0.5638454011741683 0.002191780821917808 0.006360078277886497
0 0.32520547945205475 0.663894324853229 0.031232876712328765 0.04598825831702544
0 0.36972602739726024 0.5518590998043053 0.02602739726027397 0.010763209393346379
0 0.3617808219178082 0.6042074363992171 0.018356164383561642 0.014677103718199608
1 0.19904109589041094 0.6930039138943248 0.09780821917808219 0.01614481409001957
3 0.2628767123287671 0.7769080234833659 0.022191780821917806 0.023483365949119372
0 0.43150684931506844 0.5892857142857143 0.01589041095890411 0.045499021526418784
0 0.4298630136986301 0.5562622309197651 0.015342465753424656 0.014677103718199608
0 0.42068493150684927 0.6978962818003913 0.017260273972602738 0.05136986301369863
0 0.33315068493150685 0.5863502935420744 0.03287671232876712 0.014187866927592954
0 0.4286301369863013 0.6479941291585127 0.0210958904109589 0.04060665362035225
0 0.1584931506849315 0.7142857142857142 0.02547945205479452 0.033268101761252444
0 0.1936986301369863 0.6761252446183953 0.036712328767123284 0.030332681017612523
