2 0.04616438356164383 0.8590998043052838 0.09123287671232876 0.13307240704500978
0 0.276027397260274 0.7668786692759295 0.02821917808219178 0.05136986301369863
2 0.45013698630136983 0.5883072407045009 0.014246575342465753 0.0474559686888454
2 0.1963013698630137 0.7145303326810176 0.06164383561643835 0.08463796477495107
0 0.16342465753424656 0.9212328767123287 0.10273972602739725 0.136986301369863
2 0.13356164383561642 0.7910958904109588 0.1032876712328767 0.13992172211350293
2 0.3704109589041096 0.6621819960861056 0.07945205479452054 0.11790606653620352
2 0.48 0.8688845401174168 0.14465753424657532 0.25440313111545987
2 0.4543835616438356 0.6558219178082192 0.038082191780821915 0.06996086105675146
0 0.26493150684931505 0.8583659491193737 0.12657534246575342 0.27446183953033265
0 0.33041095890410954 0.6634050880626223 0.03780821917808219 0.0547945205479452
