0 0.4589623936316223 0.8128368446839784 0.03842986549547076 0.16070553650171485
0 0.4312379906670326 0.5803527682508575 0.007685973099094153 0.026947574718275354
0 0.4154542959099643 0.6751592356687898 0.04858632994784518 0.14502694757471826
0 0.4062585780949766 0.8949044585987261 0.013175953884161404 0.04850563449289564
0 0.4438649464726873 0.9260166585007349 0.040625857809497665 0.14796668299853014
0 0.42025802909689813 0.5820676139147477 0.010979961570134504 0.03723664870161685
0 0.5008234971177601 0.9380205781479667 0.020587427944002194 0.12199902008819206
0 0.39363162228932197 0.8111219990200882 0.018665934669228657 0.13179813816756492
0 0.44372769695306064 0.7021068103870651 0.009058468295360965 0.03233708966193043
0 0.41504254735108426 0.5507104360607545 0.009881965413121054 0.006859382655560999
