0 0.43919846280538016 0.5668789808917197 0.023606917375789183 0.018618324350808426
0 0.453472412846555 0.66609505144537 0.009881965413121054 0.037726604605585495
0 0.3564370024704913 0.6251837334639883 0.020587427944002194 0.028417442430181284
0 0.45017842437551464 0.6004409603135717 0.0043919846280538015 0.015188633023027927
0 0.419022783420258 0.6036256736893679 0.005764479824320615 0.009799118079372856
0 0.4965687620093329 0.8601175894169525 0.01592094427669503 0.056344928956393925
1 0.46568762009332965 0.7204801567858893 0.03486137798517705 0.016168544830965213
0 0.4492176777381279 0.7876041156295933 0.05188031841888553 0.42283194512493877
1 0.3884161405435081 0.7163155316021558 0.08893768871808948 0.020578147966683
0 0.36439747460883887 0.5906418422341989 0.0403513587702443 0.03478686918177364
