0 0.3180071369750206 0.7481626653601176 0.028822399121603073 0.05389514943655071
0 0.13601427395004118 0.7239098481136698 0.26873455942904195 0.2356687898089172
0 0.39006313477902826 0.6558059774620284 0.008234971177600877 0.0240078392944635
0 0.30839967060115286 0.7136207741303282 0.013999451001921492 0.04654581087702107
0 0.4269832555586055 0.8934345908868202 0.045292341476804825 0.2072513473787359
0 0.29467471863848477 0.9402253797158255 0.012352456766401317 0.11562959333659971
0 0.34326104858632994 0.6815286624203821 0.010156464452374416 0.028417442430181284
0 0.3911611309360417 0.7261146496815286 0.014273950041174856 0.05683488486036257
0 0.266126818556135 0.8890249877511024 0.0359593741421905 0.09064184223419892
0 0.4184737853417513 0.7153356197942186 0.03486137798517705 0.1979421852033317
