0 0.32116387592643425 0.645516903478687 0.045566840516058194 0.0720235178833905
0 0.4730990941531704 0.6575208231259186 0.053527312654405704 0.11170994610485056
0 0.22330496843261047 0.753062224399804 0.13862201482294811 0.1705046545810877
0 0.1431512489706286 0.7807447329740324 0.16058193796321713 0.16119549240568348
1 0.37825967609113365 0.6065654091131798 0.06697776557782047 0.014698677119059284
0 0.3132034037880867 0.594561489465948 0.017567938512215206 0.028907398334149927
0 0.20669777655778204 0.9497795198432141 0.04995882514411199 0.09358157765801078
0 0.07576173483392808 0.8865752082312591 0.15152346966785615 0.0984811366976972
0 0.5392533626132309 0.7956883880450759 0.07768322810870161 0.164625183733464
0 0.4589623936316223 0.9269965703086722 0.030194894317869887 0.14208721215090642
0 0.1561899533351633 0.8762861342479177 0.04940982706560527 0.0641842234198922
0 0.4865495470765852 0.7373836354728074 0.04090035684875103 0.08329250367466928
0 0.3003019489431787 0.6369426751592356 0.02854790008234971 0.046055854973052424
