0 0.39863013698630134 0.6876223091976517 0.00821917808219178 0.03669275929549902
0 0.3963013698630137 0.6012720156555773 0.009041095890410958 0.01761252446183953
0 0.48273972602739723 0.934931506849315 0.03890410958904109 0.12426614481409001
0 0.43616438356164383 0.7720156555772993 0.04273972602739726 0.19471624266144813
2 0.2813698630136986 0.6704990215264187 0.06958904109589041 0.0474559686888454
0 0.390958904109589 0.6205968688845401 0.00821917808219178 0.01223091976516634
0 0.3615068493150685 0.6029843444227005 0.003561643835616438 0.013209393346379647
0 0.24383561643835613 0.7531800391389432 0.07671232876712328 0.10322896281800391
0 0.17890410958904107 0.8879647749510763 0.07397260273972603 0.1379647749510763
0 0.4064383561643835 0.6426125244618395 0.01506849315068493 0.034735812133072405
0 0.3189041095890411 0.613013698630137 0.014246575342465753 0.025440313111545987
