0 0.43631622289321986 0.6442920137187653 0.008509470216854241 0.036256736893679566
0 0.3837496568762009 0.5935815776580108 0.006587976942080702 0.0171484566389025
0 0.37524018665934666 0.9544341009309162 0.024704913532802634 0.09113179813816756
0 0.18542410101564644 0.8302302792748653 0.22920669777655778 0.3375796178343949
0 0.4206697776557782 0.5715335619794218 0.006862475981334065 0.023027927486526212
0 0.39870985451550917 0.848358647721705 0.027175404886082898 0.3032827045565899
0 0.4433159483941806 0.862077413032827 0.01976393082624211 0.1190592846643802
0 0.39733735931924236 0.6315531602155806 0.027724402964589622 0.06369426751592357
0 0.4235520175679385 0.6180793728564429 0.017018940433708482 0.06222439980401764
0 0.3649464726873456 0.6803037726604605 0.028273401043096346 0.17197452229299362
0 0.4382377161679934 0.7045565899069084 0.016744441394455117 0.04409603135717785
0 0.4652758715344496 0.772170504654581 0.010979961570134504 0.09701126898579128
0 0.3484765303321438 0.7959333659970602 0.055723304968432606 0.21803037726604604
0 0.1703266538567115 0.7506124448799608 0.027724402964589622 0.034296913277805
0 0.2422454021410925 0.658500734933856 0.15289596486412296 0.13522782949534543
