0 0.10452054794520547 0.7448630136986301 0.15041095890410958 0.14823874755381605
0 0.19397260273972602 0.6749021526418786 0.026849315068493147 0.0337573385518591
2 0.23794520547945203 0.6291585127201565 0.06219178082191781 0.06653620352250489
2 0.3184931506849315 0.6658512720156555 0.048493150684931506 0.09001956947162426
2 0.4354794520547945 0.7137964774951076 0.08082191780821918 0.16536203522504891
0 0.49232876712328766 0.8987279843444227 0.053698630136986295 0.2025440313111546
0 0.44273972602739725 0.8745107632093932 0.025753424657534246 0.15117416829745595
0 0.4267123287671233 0.5976027397260274 0.0326027397260274 0.07583170254403131
0 0.26999999999999996 0.761986301369863 0.05835616438356164 0.09735812133072407
0 0.3494520547945205 0.5851272015655578 0.041369863013698625 0.07045009784735812
