0 0.5241559154542959 0.9115629593336599 0.08427120505078231 0.16413522782949536
0 0.3814164150425473 0.6046055854973053 0.04144935492725775 0.054875061244487995
0 0.4084545704090035 0.5862322390984811 0.032390886631896786 0.09652131308182263
0 0.14040625857809497 0.9279764821166094 0.096898160856437 0.13816756491915727
1 0.1760911336810321 0.8052425281724644 0.35053527312654403 0.1337579617834395
0 0.3088114191600329 0.8439490445859873 0.13450452923414766 0.3101420872121509
0 0.28561625034312377 0.6322880940715335 0.08152621465824869 0.06320431161195492
0 0.4475706835026077 0.9012738853503185 0.08921218775734284 0.19059284664380205
1 0.28067526763656325 0.6834884860362567 0.19571781498764754 0.012738853503184714
2 0.4264342574800988 0.7361587457128859 0.1100741147405984 0.20627143557079863
0 0.16634641778753773 0.7457128858402744 0.055448805929179244 0.054875061244487995
