0 0.4247945205479452 0.5753424657534246 0.00410958904109589 0.0136986301369863
0 0.3620547945205479 0.5831702544031311 0.018904109589041096 0.029354207436399216
0 0.32520547945205475 0.6528864970645792 0.012054794520547944 0.02299412915851272
0 0.4254794520547945 0.5489236790606653 0.003287671232876712 0.005870841487279843
0 0.2661643835616438 0.6169275929549902 0.010684931506849314 0.015655577299412915
1 0.4456164383561644 0.6024951076320939 0.033150684931506844 0.004403131115459882
0 0.40369863013698626 0.6506849315068493 0.02876712328767123 0.03816046966731898
1 0.3724657534246575 0.6805283757338552 0.1706849315068493 0.036203522504892366
3 0.43616438356164383 0.625 0.019726027397260273 0.014187866927592954
0 0.383972602739726 0.5499021526418786 0.0073972602739726025 0.010763209393346379
0 0.37602739726027395 0.5951565557729941 0.006301369863013698 0.013209393346379647
0 0.4264383561643835 0.6531311154598826 0.017260273972602738 0.03816046966731898
1 0.4198630136986301 0.5633561643835616 0.02602739726027397 0.004403131115459882
1 0.30095890410958903 0.6330724070450098 0.02273972602739726 0.007827788649706457
0 0.4565753424657534 0.6795499021526419 0.014520547945205478 0.03131115459882583
1 0.4112328767123287 0.613013698630137 0.06904109589041095 0.02054794520547945
2 0.3413698630136986 0.5609099804305283 0.015342465753424656 0.01908023483365949
