0 0.4387671232876712 0.6805283757338552 0.021643835616438355 0.053816046966731895
0 0.3838356164383561 0.5890410958904109 0.019726027397260273 0.03718199608610567
0 0.31109589041095886 0.5841487279843444 0.038082191780821915 0.04403131115459882
0 0.4953424657534246 0.863747553816047 0.033424657534246574 0.13062622309197652
0 0.3804109589041096 0.550146771037182 0.010684931506849314 0.015166340508806261
0 0.45890410958904104 0.7636986301369862 0.031232876712328765 0.07534246575342465
0 0.3928767123287671 0.6572896281800391 0.01917808219178082 0.031800391389432484
0 0.4005479452054794 0.9799412915851271 0.006575342465753424 0.036203522504892366
0 0.38986301369863013 0.7448630136986301 0.009315068493150684 0.04452054794520548
0 0.3583561643835616 0.6120352250489236 0.007123287671232876 0.011741682974559686
