0 0.09936865220971726 0.9294463498285154 0.09497666758166345 0.13424791768740812
1 0.3250068624759813 0.6504164625183734 0.06423277518528685 0.024987751102400785
1 0.35849574526489153 0.7106810387065164 0.12077957727147955 0.024987751102400785
0 0.01976393082624211 0.8782459578637922 0.038978863573977486 0.07300342969132778
0 0.05339006313477902 0.805732484076433 0.07164424924512763 0.06712395884370406
0 0.16826791106231126 0.7787849093581578 0.08454570409003567 0.08574228319451249
2 0.17293439472961844 0.7055365017148456 0.06148778479275322 0.054875061244487995
0 0.24924512764205323 0.6396374326310632 0.03678287125995059 0.026947574718275354
1 0.2746362887729893 0.732484076433121 0.038704364534724124 0.019598236158745713
2 0.4453746911885808 0.7025967662910338 0.0447433433982981 0.06859382655561
3 0.2201482294811968 0.6653601175894169 0.03513587702443041 0.025477707006369428
0 0.12681855613505352 0.7655560999510044 0.06697776557782047 0.04556589906908378
