1 0.35013698630136986 0.5924657534246575 0.11397260273972602 0.015655577299412915
0 0.30643835616438353 0.6607142857142857 0.04794520547945205 0.09442270058708414
1 0.39041095890410954 0.7184442270058709 0.04876712328767123 0.01223091976516634
1 0.34383561643835614 0.561399217221135 0.01863013698630137 0.010273972602739725
1 0.3894520547945205 0.5802348336594911 0.027123287671232874 0.009784735812133072
0 0.40671232876712327 0.5410958904109588 0.005753424657534246 0.007827788649706457
2 0.2821917808219178 0.6044520547945205 0.023561643835616437 0.01614481409001957
0 0.4061643835616438 0.5770547945205479 0.00958904109589041 0.062133072407045006
1 0.34904109589041094 0.6022504892367906 0.10904109589041096 0.016634050880626222
0 0.27013698630136984 0.62426614481409 0.013150684931506848 0.02446183953033268
