0 0.4116438356164383 0.5880626223091976 0.010684931506849314 0.04794520547945205
0 0.43 0.6487279843444227 0.019999999999999997 0.06555772994129158
3 0.44479452054794516 0.9439823874755381 0.019999999999999997 0.03962818003913894
0 0.40041095890410955 0.5467221135029354 0.00410958904109589 0.030821917808219176
0 0.2706849315068493 0.7018101761252445 0.03890410958904109 0.06898238747553816
1 0.19191780821917806 0.8192270058708414 0.3789041095890411 0.028864970645792562
0 0.41561643835616435 0.8035714285714285 0.009315068493150684 0.03277886497064579
0 0.457945205479452 0.74706457925636 0.02821917808219178 0.1379647749510763
1 0.47383561643835614 0.8348825831702543 0.14438356164383562 0.021037181996086105
0 0.41342465753424656 0.7159980430528375 0.013150684931506848 0.14628180039138944
0 0.12931506849315066 0.8926125244618395 0.09041095890410958 0.13551859099804303
