0 0.3343398298105956 0.7506124448799608 0.02635190776832281 0.057814796668299855
0 0.35314301399945097 0.6543361097501225 0.017842437551468568 0.044585987261146494
0 0.06766401317595389 0.8664870161685448 0.13532802635190777 0.1670749632533072
0 0.2046390337633818 0.7851543361097502 0.09085918199286303 0.15727584517393434
0 0.3896513862201482 0.5965213130818227 0.011803458687894591 0.016168544830965213
0 0.4895690365083722 0.9208721215090642 0.029371397200109797 0.15629593336599706
0 0.44784518254186106 0.8167564919157275 0.03046939335712325 0.10583047525722684
0 0.3792204227285204 0.56859382655561 0.011803458687894591 0.028907398334149927
0 0.4014548449080428 0.5783929446349828 0.010156464452374416 0.018128368446839783
0 0.27271479549821576 0.9485546300832924 0.028273401043096346 0.10289073983341498
0 0.27051880318418886 0.7435080842724154 0.1671699149052978 0.396374326310632
0 0.4328849849025528 0.7094561489465948 0.07136975020587427 0.1362077413032827
0 0.4176502882239912 0.9735423811856933 0.017842437551468568 0.051935325820676136
0 0.3729069448256931 0.7092111709946105 0.013999451001921492 0.0583047525722685
0 0.40529783145758985 0.6200391964723175 0.008509470216854241 0.03968642822146007
0 0.36947570683502606 0.5752082312591866 0.008234971177600877 0.025477707006369428
0 0.4092780675267636 0.9022537971582557 0.04282185012352457 0.06516413522782949
0 0.1534449629426297 0.9566389024987751 0.06642876749931374 0.0847623713865752
0 0.3229481196815811 0.8373346398824105 0.037606368377710676 0.1283684468397844
0 0.37235794674718636 0.6163645271925526 0.006862475981334065 0.019598236158745713
