0 0.5672602739726027 0.971624266144814 0.022191780821917806 0.049902152641878667
0 0.35054794520547944 0.7248043052837573 0.03534246575342465 0.08953033268101761
1 0.4357534246575342 0.6778375733855185 0.13506849315068492 0.01908023483365949
0 0.4124657534246575 0.6000489236790606 0.014520547945205478 0.02592954990215264
1 0.36945205479452053 0.8038160469667318 0.08520547945205478 0.06457925636007827
0 0.4013698630136986 0.948385518590998 0.010958904109589041 0.038649706457925634
1 0.2658904109589041 0.6411448140900196 0.16082191780821917 0.013209393346379647
1 0.5017808219178082 0.75073385518591 0.051780821917808216 0.021037181996086105
0 0.3243835616438356 0.6279354207436398 0.01643835616438356 0.01908023483365949
0 0.48260273972602735 0.9728473581213307 0.014520547945205478 0.048434442270058706
1 0.18041095890410958 0.6673189823874754 0.09178082191780822 0.021526418786692758
1 0.2954794520547945 0.6612035225048923 0.14438356164383562 0.026908023483365948
0 0.4880821917808219 0.5452544031311154 0.005753424657534246 0.006360078277886497
0 0.16602739726027396 0.8842954990215264 0.052602739726027394 0.1286692759295499
0 0.27328767123287667 0.6210861056751468 0.014520547945205478 0.014187866927592954
0 0.28493150684931506 0.8759784735812133 0.0789041095890411 0.08170254403131115
0 0.4595890410958904 0.5946673189823874 0.021643835616438355 0.03962818003913894
0 0.21232876712328766 0.9554794520547945 0.020273972602739724 0.08317025440313111
1 0.4234246575342465 0.6049412915851272 0.010684931506849314 0.008317025440313111
0 0.5464383561643835 0.9031311154598826 0.016164383561643833 0.04403131115459882
0 0.4387671232876712 0.5763209393346379 0.012328767123287671 0.014677103718199608
1 0.04232876712328767 0.7529354207436398 0.08082191780821918 0.030332681017612523
0 0.524931506849315 0.8630136986301369 0.0136986301369863 0.011741682974559686
0 0.43821917808219174 0.5601761252446184 0.015616438356164383 0.014677103718199608
1 0.19301369863013698 0.8045499021526419 0.26657534246575343 0.06996086105675146
0 0.4761643835616438 0.8079745596868884 0.025753424657534246 0.11692759295499021
0 0.3594520547945205 0.6186399217221135 0.018082191780821915 0.01908023483365949
0 0.4456164383561644 0.646771037181996 0.016712328767123287 0.0547945205479452
1 0.3221917808219178 0.6022504892367906 0.08547945205479451 0.015655577299412915
0 0.45452054794520547 0.5596868884540117 0.010958904109589041 0.012720156555772993
0 0.3805479452054794 0.6428571428571428 0.025205479452054792 0.05577299412915851
0 0.2332876712328767 0.9153620352250489 0.024383561643835615 0.049902152641878667
0 0.2573972602739726 0.7424168297455969 0.1273972602739726 0.1453033268101761
0 0.4453424657534246 0.723091976516634 0.034794520547945205 0.08512720156555773
