0 0.24739726027397257 0.7098825831702543 0.06410958904109589 0.09393346379647749
0 0.333972602739726 0.6029843444227005 0.04986301369863013 0.09344422700587084
0 0.09356164383561644 0.8326810176125244 0.18054794520547943 0.21330724070450097
0 0.3854794520547945 0.5658023483365949 0.00821917808219178 0.023972602739726026
0 0.26013698630136983 0.6223091976516634 0.051780821917808216 0.05968688845401174
0 0.27821917808219176 0.6966731898238747 0.04191780821917808 0.08023483365949119
0 0.4554794520547945 0.8984833659491194 0.03534246575342465 0.19227005870841485
0 0.4236986301369863 0.634784735812133 0.01780821917808219 0.09344422700587084
0 0.18082191780821916 0.8649706457925636 0.10301369863013699 0.2054794520547945
0 0.4154794520547945 0.7010763209393346 0.007945205479452055 0.022504892367906065
0 0.3906849315068493 0.8468688845401173 0.04328767123287671 0.30430528375733856
