0 0.46925610760362335 0.9566389024987751 0.0403513587702443 0.07790298873101421
0 0.03801811693659072 0.8086722195002449 0.07603623387318144 0.08182263596276335
0 0.5153719461981883 0.8633023027927487 0.06286027998902004 0.2694757471827535
1 0.1811693659072193 0.7097011268985791 0.18171836398572605 0.02988731014208721
0 0.3715344496294263 0.7993630573248407 0.05078232226187208 0.3855952964233219
0 0.21534449629426294 0.6540911317981382 0.0403513587702443 0.02645761881430671
0 0.27573428493000274 0.6313081822635963 0.014548449080428218 0.0171484566389025
0 0.4283557507548723 0.6780989710926016 0.0337633818281636 0.17932386085252328
1 0.34682953609662365 0.7273395394414502 0.11721108976118583 0.01910828025477707
0 0.28053801811693657 0.6041156295933365 0.02635190776832281 0.02645761881430671
