1 0.27189129838045567 0.7398334149926507 0.06835026077408729 0.019598236158745713
2 0.3258303595937414 0.7268495835374816 0.05160581937963217 0.11709946104850563
0 0.17334614328849848 0.7476727094561489 0.1100741147405984 0.11073003429691328
0 0.2493823771616799 0.9424301812836845 0.0315673895141367 0.10240078392944635
0 0.28342025802909687 0.6073003429691328 0.011803458687894591 0.037726604605585495
0 0.06711501509744715 0.9421852033317001 0.06889925885259401 0.10583047525722684
0 0.3331045841339555 0.6504164625183734 0.024979412572055996 0.03870651641352278
0 0.045292341476804825 0.8035276825085742 0.08234971177600878 0.05977462028417442
1 0.2938512215207247 0.6822635962763351 0.06121328575349986 0.015188633023027927
0 0.30565468020861924 0.6193042626163645 0.010156464452374416 0.02253797158255757
3 0.17005215481745814 0.8897599216070553 0.06011528959648641 0.1087702106810387
0 0.24608838869063956 0.6709946104850564 0.034312379906670326 0.03968642822146007
0 0.2823222618720834 0.6464968152866242 0.012901454844908043 0.037726604605585495
0 0.1320340378808674 0.719500244977952 0.10540763107329124 0.09064184223419892
