0 0.12407356574251989 0.801812836844684 0.243755146856986 0.2425281724644782
0 0.2031292890474883 0.8510534051935326 0.16469942355201755 0.2567368936795688
0 0.2668130661542684 0.8561979421852033 0.11419160032939885 0.28564429201371877
0 0.6264068075761734 0.9522292993630573 0.04117485588800439 0.08868201861832435
0 0.3287125995059017 0.6589906908378246 0.05517430688992588 0.06075453209211171
0 0.4313752401866593 0.7305242528172464 0.024979412572055996 0.057814796668299855
1 0.5026077408729069 0.6722195002449779 0.034037880867416964 0.012738853503184714
0 0.27765577820477627 0.6349828515433611 0.09470216854241009 0.06761391474767271
1 0.22001097996157012 0.6741793238608526 0.06340927806752676 0.010779029887310141
0 0.459511391710129 0.628858402743753 0.04446884435904474 0.12395884370406664
1 0.3851221520724677 0.7021068103870651 0.18171836398572605 0.02253797158255757
0 0.4468844359044743 0.7704556589906908 0.01921493274773538 0.08868201861832435
