0 0.20134504529234146 0.9331210191082803 0.1078781224265715 0.1268985791278785
0 0.5264891572879494 0.9110730034296913 0.03788086741696404 0.16511513963743263
0 0.2860279989020038 0.7851543361097502 0.20752127367554213 0.2895639392454679
0 0.24677463628877297 0.895639392454679 0.09881965413121054 0.20676139147476727
0 0.3874553939061213 0.6050955414012739 0.03321438374965687 0.028417442430181284
0 0.4747460883886906 0.5874571288584027 0.1342300301948943 0.08721215090641841
1 0.0763107329124348 0.953454189122979 0.13779851770518803 0.08035276825085742
0 0.35259401592094425 0.710436060754532 0.1100741147405984 0.15874571288584027
2 0.553390063134779 0.535031847133758 0.021959923140269007 0.01567858892699657
0 0.4895690365083722 0.6766291033806957 0.008509470216854241 0.035276825085742286
0 0.07782047762832829 0.8292503674669279 0.15564095525665658 0.21019108280254778
