0 0.6155640955256656 0.9468397844194022 0.06286027998902004 0.09064184223419892
0 0.20299203952786163 0.6592356687898089 0.118858083996706 0.10142087212150906
0 0.3755146856986 0.6511513963743263 0.009881965413121054 0.02449779519843214
0 0.5704090035684874 0.9431651151396374 0.05105682130112544 0.10191082802547771
0 0.19983530057644797 0.6798138167564919 0.1334065330771342 0.11709946104850563
0 0.36467197364809223 0.5903968642822146 0.009058468295360965 0.02253797158255757
0 0.17087565193521823 0.8530132288094071 0.15509195717814986 0.2851543361097501
0 0.3351633269283557 0.6381675649191573 0.024155915454295906 0.03968642822146007
0 0.29343947296184464 0.6749142577168055 0.017567938512215206 0.03184713375796178
0 0.328163601427395 0.5906418422341989 0.00960746637386769 0.018128368446839783
0 0.5463903376338183 0.8794708476237139 0.08207521273675542 0.10681038706516413
0 0.06931100741147406 0.8030377266046056 0.13642602250892122 0.13326800587947085
0 0.3245951139171013 0.6134247917687408 0.01894043370848202 0.03331700146986771
0 0.2847927532253637 0.6036256736893679 0.020587427944002194 0.02645761881430671
0 0.5337633818281635 0.7959333659970602 0.038704364534724124 0.10730034296913278
0 0.44592368926708753 0.8478686918177364 0.11336810321163875 0.2905438510534052
2 0.41353280263519077 0.623468887800098 0.06231128191051331 0.11611954924056835
