0 0.34753424657534243 0.5821917808219178 0.012876712328767123 0.015655577299412915
0 0.4184931506849315 0.6357632093933463 0.003561643835616438 0.01614481409001957
0 0.4221917808219178 0.6841976516634051 0.010410958904109589 0.020058708414872797
0 0.48219178082191777 0.8539628180039138 0.01917808219178082 0.08953033268101761
0 0.42589041095890406 0.6580234833659491 0.007945205479452055 0.018590998043052837
0 0.41520547945205477 0.5631115459882583 0.013424657534246574 0.046966731898238745
0 0.423972602739726 0.6090998043052838 0.0073972602739726025 0.010763209393346379
0 0.4164383561643835 0.5949119373776908 0.012054794520547944 0.016634050880626222
0 0.5119178082191781 0.959637964774951 0.024931506849315065 0.07974559686888454
0 0.40671232876712327 0.5983365949119374 0.004657534246575342 0.009784735812133072
