0 0.22972602739726025 0.7629647749510763 0.059452054794520544 0.10616438356164383
1 0.41 0.812866927592955 0.21999999999999997 0.06409001956947162
0 0.14986301369863012 0.9038649706457925 0.08876712328767122 0.1697651663405088
0 0.038082191780821915 0.847358121330724 0.07342465753424657 0.09295499021526418
0 0.3324657534246575 0.7194227005870841 0.06657534246575342 0.186399217221135
1 0.14876712328767122 0.8096868884540117 0.29753424657534244 0.0410958904109589
0 0.2828767123287671 0.8632583170254403 0.019999999999999997 0.08463796477495107
0 0.20410958904109588 0.6460371819960861 0.08273972602739725 0.10909980430528375
0 0.04150684931506849 0.7397260273972602 0.07424657534246575 0.057729941291585124
0 0.11671232876712329 0.7473091976516634 0.08931506849315068 0.09344422700587084
