0 0.19365907219324732 0.9191572758451739 0.13258303595937412 0.16168544830965212
0 0.25857809497666756 0.6695247427731504 0.0872906944825693 0.07986281234688877
0 0.40461158385945645 0.7880940715335619 0.027998902003842984 0.053405193532582065
0 0.28726324457864394 0.8419892209701126 0.12874004940982706 0.31210191082802546
0 0.447433433982981 0.5646741793238609 0.016469942355201755 0.018128368446839783
0 0.11432884984902553 0.7915237628613425 0.1951688169091408 0.17001469867711905
0 0.3657699698051057 0.8520333170014699 0.06121328575349986 0.29593336599706027
0 0.4781773263793576 0.5776580107790299 0.02744990392533626 0.041156295933366
0 0.3528685149601976 0.5864772170504654 0.09360417238539664 0.07055365017148457
0 0.16620916826791104 0.7163155316021558 0.09031018391435629 0.07839294463498285
0 0.37235794674718636 0.6609505144536991 0.037606368377710676 0.07937285644292014
0 0.4910787812242657 0.9801567858892699 0.016469942355201755 0.03968642822146007
0 0.4704913532802635 0.6295933365997061 0.017567938512215206 0.05389514943655071
