0 0.39328767123287667 0.9569471624266144 0.014520547945205478 0.07240704500978473
0 0.491917808219178 0.9085127201565557 0.019452054794520546 0.07632093933463796
1 0.30931506849315066 0.6487279843444227 0.22191780821917806 0.030332681017612523
0 0.4250684931506849 0.7991682974559686 0.01506849315068493 0.038649706457925634
0 0.18342465753424655 0.6643835616438356 0.18054794520547943 0.12524461839530332
0 0.43095890410958904 0.7074363992172211 0.00821917808219178 0.023483365949119372
0 0.08808219178082191 0.7482876712328766 0.09452054794520547 0.07289628180039139
0 0.4624657534246575 0.8522504892367906 0.04767123287671233 0.23776908023483365
0 0.40191780821917805 0.5902641878669276 0.01643835616438356 0.04941291585127201
0 0.5058904109589041 0.9804305283757337 0.012328767123287671 0.02837573385518591
