0 0.32692835575075485 0.5987261146496815 0.02744990392533626 0.02645761881430671
0 0.25061762283832006 0.9777070063694268 0.034037880867416964 0.03478686918177364
2 0.43796321712874003 0.5962763351298384 0.028822399121603073 0.03331700146986771
2 0.4313752401866593 0.8167564919157275 0.1100741147405984 0.36452719255267024
1 0.25061762283832006 0.9331210191082803 0.042272852045017836 0.03674669279764821
1 0.26502882239912157 0.8586477217050466 0.03925336261323085 0.021068103870651642
1 0.37469118858083994 0.6222439980401764 0.18336535822124622 0.017638412542871143
0 0.23799066703266536 0.6778539931406173 0.08893768871808948 0.08770210681038706
0 0.2927532253637112 0.7763351298383145 0.06999725500960746 0.13277804997550222
0 0.5240186659346692 0.854483096521313 0.035684875102937136 0.14208721215090642
0 0.36192698325555855 0.5658990690837824 0.06450727422454021 0.02645761881430671
0 0.2694208070271754 0.6195492405683488 0.027175404886082898 0.016168544830965213
0 0.39651386220148227 0.6055854973052425 0.008509470216854241 0.016658500734933857
0 0.07782047762832829 0.9554140127388535 0.12654405709580016 0.082312591866732
0 0.20010979961570133 0.8682018618324351 0.11254460609387866 0.12150906418422341
0 0.18734559429041997 0.6896129348358647 0.1100741147405984 0.09554140127388534
0 0.4020038429865495 0.5568348848603626 0.037606368377710676 0.030867221950024497
0 0.09332967334614328 0.8162665360117589 0.18665934669228657 0.16854483096521314
