0 0.33863013698630134 0.6568003913894325 0.011506849315068492 0.01614481409001957
1 0.4131506849315068 0.6411448140900196 0.07616438356164383 0.011252446183953033
0 0.3183561643835616 0.6888454011741683 0.0273972602739726 0.03816046966731898
0 0.45643835616438355 0.7228473581213307 0.024657534246575342 0.1267123287671233
1 0.40205479452054793 0.613747553816047 0.03863013698630137 0.007338551859099804
0 0.22013698630136985 0.6621819960861056 0.055068493150684926 0.038649706457925634
0 0.3524657534246575 0.6360078277886496 0.012876712328767123 0.025440313111545987
0 0.4491780821917808 0.6311154598825831 0.012328767123287671 0.04598825831702544
0 0.14561643835616436 0.9806751467710372 0.024383561643835615 0.0337573385518591
1 0.3034246575342466 0.7123287671232876 0.12794520547945204 0.021526418786692758
1 0.3015068493150685 0.6333170254403131 0.08027397260273972 0.01223091976516634
1 0.2635616438356164 0.6636497064579256 0.13534246575342465 0.013209393346379647
1 0.4252054794520548 0.6223091976516634 0.050410958904109585 0.00684931506849315
1 0.14821917808219176 0.7235812133072407 0.18191780821917808 0.008806262230919765
1 0.39164383561643834 0.6604696673189824 0.11972602739726027 0.016634050880626222
0 0.22712328767123285 0.8493150684931506 0.12383561643835615 0.23581213307240703
0 0.3765753424657534 0.6829745596868884 0.019452054794520546 0.0410958904109589
0 0.29931506849315065 0.7326320939334637 0.016164383561643833 0.024951076320939333
