0 0.39863013698630134 0.6448140900195695 0.009863013698630137 0.036203522504892366
0 0.4083561643835616 0.5452544031311154 0.004657534246575342 0.014187866927592954
0 0.42410958904109586 0.9762720156555772 0.012054794520547944 0.04354207436399217
0 0.33643835616438356 0.6886007827788649 0.03506849315068493 0.08170254403131115
0 0.2202739726027397 0.6323385518590998 0.01589041095890411 0.01223091976516634
0 0.3117808219178082 0.8747553816046967 0.010410958904109589 0.07045009784735812
0 0.42301369863013694 0.6709882583170254 0.012602739726027396 0.034735812133072405
0 0.383972602739726 0.8116438356164383 0.018356164383561642 0.05675146771037182
0 0.3991780821917808 0.9085127201565557 0.03397260273972603 0.11643835616438356
0 0.4115068493150685 0.6147260273972602 0.006575342465753424 0.0611545988258317
0 0.34041095890410955 0.6364970645792564 0.013972602739726026 0.02446183953033268
0 0.4324657534246575 0.8047945205479452 0.038082191780821915 0.08414872798434442
0 0.3991780821917808 0.5990704500978473 0.007123287671232876 0.03277886497064579
0 0.3276712328767123 0.8006360078277887 0.016986301369863014 0.06898238747553816
0 0.34684931506849315 0.7517123287671232 0.010958904109589041 0.05430528375733855
0 0.41232876712328764 0.5736301369863014 0.007123287671232876 0.018101761252446183
0 0.35013698630136986 0.9317514677103718 0.02958904109589041 0.13454011741682975
0 0.2928767123287671 0.7610078277886496 0.01589041095890411 0.02592954990215264
1 0.27972602739726027 0.8715753424657534 0.553972602739726 0.07974559686888454
0 0.1673972602739726 0.6602250489236791 0.01863013698630137 0.015166340508806261
0 0.11849315068493149 0.7287181996086105 0.2002739726027397 0.16389432485322897
0 0.3628767123287671 0.6154598825831702 0.011780821917808219 0.022504892367906065
