0 0.14658248696129564 0.7488975992160706 0.04501784243755146 0.049485546300832926
0 0.11501509744715893 0.9267515923566879 0.08564370024704913 0.13277804997550222
0 0.39747460883886904 0.5372366487016168 0.007685973099094153 0.023027927486526212
0 0.3484765303321438 0.5507104360607545 0.008509470216854241 0.007839294463498285
0 0.39870985451550917 0.731749142577168 0.016195443315948393 0.0583047525722685
0 0.4455119407082075 0.9274865262126408 0.025253911611309358 0.14502694757471826
0 0.27998902003842985 0.6178343949044586 0.07960472138347516 0.07349338559529642
0 0.3116936590721932 0.6286134247917687 0.02552841065056272 0.04507594316511514
0 0.17156189953335163 0.8988241058304752 0.10046664836673071 0.19647231749142577
0 0.39514136700521546 0.5798628123468887 0.016744441394455117 0.05144536991670749
0 0.3332418336535822 0.56859382655561 0.015371946198188305 0.013228809407153356
0 0.06642876749931374 0.7956883880450759 0.13230853692012076 0.11954924056834884
0 0.240735657425199 0.7415482606565409 0.10925061762283832 0.14551690347868693
0 0.4275322536371122 0.822390984811367 0.01894043370848202 0.08770210681038706
