0 0.30424657534246574 0.6734344422700587 0.029863013698630134 0.05430528375733855
3 0.460958904109589 0.6044520547945205 0.034794520547945205 0.017123287671232876
2 0.41863013698630136 0.5653131115459882 0.023561643835616437 0.03669275929549902
3 0.4441095890410959 0.5836594911937377 0.016986301369863014 0.009784735812133072
0 0.21931506849315066 0.9371330724070449 0.02876712328767123 0.11986301369863013
2 0.42452054794520544 0.5379158512720156 0.012876712328767123 0.020058708414872797
1 0.3653424657534246 0.6125244618395302 0.17178082191780822 0.008806262230919765
3 0.5446575342465753 0.5772994129158513 0.06684931506849315 0.02446183953033268
0 0.4164383561643835 0.5993150684931506 0.009863013698630137 0.03131115459882583
1 0.34863013698630135 0.7805772994129158 0.20575342465753424 0.015166340508806261
0 0.44835616438356163 0.723825831702544 0.019452054794520546 0.07583170254403131
0 0.42739726027397257 0.658757338551859 0.021917808219178082 0.05821917808219178
1 0.36410958904109586 0.6245107632093934 0.176986301369863 0.010273972602739725
0 0.1963013698630137 0.8456457925636007 0.017260273972602738 0.06800391389432485
0 0.49630136986301365 0.9478962818003913 0.04301369863013698 0.09931506849315068
0 0.2608219178082192 0.7431506849315068 0.049315068493150684 0.06653620352250489
0 0.15726027397260273 0.9422700587084148 0.06630136986301369 0.10469667318982387
1 0.0873972602739726 0.7722602739726027 0.1747945205479452 0.023972602739726026
