2 0.41586604446884434 0.731014208721215 0.058742794400219595 0.2988731014208721
0 0.34737853417513037 0.6261636452719255 0.017842437551468568 0.018618324350808426
0 0.381553664562174 0.9132778049975502 0.03513587702443041 0.1695247427731504
0 0.3366730716442492 0.650906418422342 0.013999451001921492 0.025967662910338068
0 0.055723304968432606 0.8204311611954924 0.10815262146582486 0.09358157765801078
0 0.4596486412297557 0.8780009799118079 0.016195443315948393 0.07545320921117099
0 0.050645072742245396 0.7951984321411073 0.10074114740598407 0.08329250367466928
0 0.5201756793851221 0.8601175894169525 0.11199560801537194 0.279764821166095
0 0.4540214109250617 0.7814796668299853 0.016469942355201755 0.04899559039686428
0 0.1357397749107878 0.9015188633023028 0.11117211089761185 0.19108280254777069
0 0.15522920669777654 0.7395884370406663 0.06176228383200658 0.06712395884370406
0 0.4354927257754598 0.9387555120039196 0.032116387592643424 0.11856932876041155
1 0.1600329398847104 0.7915237628613425 0.07466373867691463 0.03870651641352278
