0 0.42589041095890406 0.6421232876712328 0.038082191780821915 0.062133072407045006
0 0.04561643835616438 0.7404598825831702 0.09123287671232876 0.07681017612524461
1 0.056164383561643834 0.9315068493150684 0.11068493150684931 0.023483365949119372
0 0.18 0.6318493150684931 0.0821917808219178 0.06898238747553816
1 0.4268493150684931 0.9559686888454011 0.2761643835616438 0.08806262230919765
0 0.3187671232876712 0.5428082191780822 0.005753424657534246 0.026908023483365948
0 0.14575342465753424 0.6717221135029354 0.0410958904109589 0.03424657534246575
0 0.37301369863013695 0.5836594911937377 0.029315068493150683 0.08414872798434442
0 0.26712328767123283 0.5594422700587084 0.011506849315068492 0.017123287671232876
1 0.2006849315068493 0.8803816046966731 0.39972602739726026 0.074853228962818
