1 0.31896788361240735 0.6663400293973543 0.06587976942080702 0.010779029887310141
0 0.447433433982981 0.6092601665850074 0.01921493274773538 0.0984811366976972
0 0.340653307713423 0.9483096521313081 0.009881965413121054 0.09652131308182263
0 0.37331869338457313 0.850563449289564 0.01811693659072193 0.048015678588927
1 0.33475157836947567 0.7829495345418912 0.028822399121603073 0.027437530622243998
0 0.28204776283283006 0.6594806467417932 0.0447433433982981 0.036256736893679566
1 0.34696678561625033 0.8846153846153846 0.1372495196266813 0.03184713375796178
1 0.37249519626681304 0.6962273395394415 0.04007685973099094 0.025477707006369428
2 0.46266813066154266 0.8275355218030377 0.13642602250892122 0.3341499265066144
0 0.11734833928081251 0.7270945614894659 0.20999176502882239 0.15580597746202843
0 0.33708482020312924 0.7403233708966193 0.03293988471040351 0.07055365017148457
1 0.3735931924238265 0.678343949044586 0.040625857809497665 0.021068103870651642
