0 0.12027397260273971 0.961105675146771 0.012054794520547944 0.031800391389432484
0 0.16821917808219178 0.9273483365949119 0.022465753424657533 0.027886497064579255
0 0.45890410958904104 0.9672211350293541 0.012054794520547944 0.018590998043052837
0 0.37821917808219174 0.5604207436399217 0.004657534246575342 0.011252446183953033
0 0.4372602739726027 0.6477495107632094 0.012054794520547944 0.029354207436399216
0 0.4005479452054794 0.6340508806262231 0.017534246575342465 0.07534246575342465
0 0.4058904109589041 0.761986301369863 0.03863013698630137 0.0885518590998043
0 0.4302739726027397 0.6095890410958904 0.014520547945205478 0.0273972602739726
2 0.2443835616438356 0.7820450097847358 0.16383561643835615 0.25978473581213307
0 0.1247945205479452 0.8079745596868884 0.04082191780821918 0.0474559686888454
