0 0.4080821917808219 0.8145792563600782 0.027671232876712328 0.08317025440313111
0 0.39369863013698625 0.6763698630136986 0.009315068493150684 0.04060665362035225
0 0.30767123287671233 0.7186888454011742 0.014246575342465753 0.03718199608610567
0 0.3724657534246575 0.5927103718199608 0.007945205479452055 0.020058708414872797
0 0.35013698630136986 0.6183953033268101 0.010958904109589041 0.018590998043052837
0 0.39561643835616433 0.5562622309197651 0.003287671232876712 0.010763209393346379
1 0.46356164383561643 0.8703522504892367 0.12931506849315066 0.07142857142857142
0 0.30301369863013694 0.9466731898238747 0.04054794520547945 0.10176125244618395
0 0.3524657534246575 0.6298923679060665 0.006301369863013698 0.007338551859099804
3 0.22986301369863013 0.8896771037181995 0.024109589041095888 0.038649706457925634
0 0.27890410958904105 0.6384540117416829 0.019726027397260273 0.026418786692759294
0 0.4471232876712328 0.6949608610567515 0.009863013698630137 0.01908023483365949
0 0.34821917808219177 0.7962328767123287 0.052602739726027394 0.15508806262230918
2 0.024246575342465753 0.8537181996086105 0.0473972602739726 0.0675146771037182
1 0.34698630136986297 0.886986301369863 0.05123287671232876 0.029354207436399216
0 0.1795890410958904 0.7575831702544031 0.2517808219178082 0.2089041095890411
0 0.4026027397260274 0.5587084148727984 0.008493150684931507 0.012720156555772993
0 0.27835616438356164 0.7852250489236791 0.017534246575342465 0.04598825831702544
0 0.06506849315068493 0.8886986301369862 0.040273972602739724 0.04941291585127201
1 0.08465753424657534 0.8894324853228962 0.021917808219178082 0.019569471624266144
0 0.3047945205479452 0.6259784735812133 0.023835616438356164 0.017123287671232876
0 0.41260273972602735 0.697651663405088 0.006027397260273972 0.0136986301369863
0 0.36301369863013694 0.700587084148728 0.01643835616438356 0.029354207436399216
2 0.43287671232876707 0.735812133072407 0.07342465753424657 0.06164383561643835
0 0.320958904109589 0.6470156555772993 0.009041095890410958 0.015166340508806261
0 0.36123287671232873 0.5917318982387475 0.010684931506849314 0.02299412915851272
2 0.4313698630136986 0.6543542074363992 0.04246575342465753 0.06506849315068493
