3 0.034653465346534656 0.8046683046683046 0.023762376237623763 0.026044226044226043
3 0.14517326732673266 0.6658476658476659 0.03292079207920792 0.04815724815724816
3 0.07586633663366336 0.7570024570024569 0.02004950495049505 0.026044226044226043
1 0.29715346534653464 0.585995085995086 0.06262376237623762 0.006388206388206388
0 0.4075495049504951 0.7147420147420147 0.06212871287128713 0.16265356265356265
0 0.4808168316831683 0.8555282555282555 0.04826732673267327 0.11891891891891891
0 0.34925742574257423 0.5383292383292383 0.005940594059405941 0.04078624078624078
0 0.31373762376237624 0.8552825552825553 0.020544554455445545 0.0800982800982801
0 0.3642326732673267 0.5977886977886978 0.022524752475247524 0.07027027027027027
3 0.10433168316831683 0.7191646191646192 0.02400990099009901 0.029975429975429974
1 0.2978960396039604 0.5968058968058968 0.055693069306930694 0.008353808353808353
0 0.32512376237623763 0.6552825552825553 0.010643564356435644 0.02800982800982801
