0 0.2235616438356164 0.6374755381604696 0.06410958904109589 0.10176125244618395
0 0.18643835616438356 0.7610078277886496 0.046849315068493144 0.05724070450097847
0 0.3698630136986301 0.6761252446183953 0.014794520547945205 0.03424657534246575
0 0.16082191780821917 0.7223581213307241 0.044931506849315066 0.045499021526418784
0 0.18643835616438356 0.8896771037181995 0.0210958904109589 0.045499021526418784
0 0.286986301369863 0.5454990215264187 0.008493150684931507 0.0273972602739726
0 0.25493150684931504 0.7079256360078278 0.005753424657534246 0.019569471624266144
0 0.05136986301369863 0.8840508806262231 0.10164383561643835 0.12524461839530332
0 0.15465753424657533 0.8539628180039138 0.016712328767123287 0.04060665362035225
0 0.18575342465753422 0.8091976516634051 0.034520547945205475 0.06653620352250489
0 0.24342465753424655 0.9165851272015655 0.0210958904109589 0.16291585127201563
1 0.10794520547945205 0.7076810176125244 0.16273972602739725 0.031800391389432484
0 0.09082191780821917 0.8539628180039138 0.046849315068493144 0.06800391389432485
0 0.33369863013698625 0.6575342465753424 0.023013698630136983 0.07338551859099804
1 0.2541095890410959 0.6939823874755381 0.13068493150684932 0.009295499021526418
0 0.116986301369863 0.800880626223092 0.03178082191780822 0.0410958904109589
0 0.13643835616438355 0.762720156555773 0.012602739726027396 0.033268101761252444
0 0.320958904109589 0.8451565557729941 0.029863013698630134 0.300880626223092
0 0.2743835616438356 0.595890410958904 0.023835616438356164 0.07534246575342465
0 0.22849315068493148 0.7140410958904109 0.014246575342465753 0.030821917808219176
0 0.09794520547945204 0.9351761252446184 0.07643835616438356 0.12475538160469667
0 0.24794520547945204 0.5694716242661448 0.021917808219178082 0.029354207436399216
2 0.24972602739726027 0.6631604696673189 0.029315068493150683 0.05821917808219178
