0 0.17041095890410957 0.673679060665362 0.050410958904109585 0.02446183953033268
0 0.19986301369863013 0.6944716242661447 0.06383561643835615 0.08463796477495107
0 0.22452054794520546 0.6357632093933463 0.03150684931506849 0.041585127201565555
2 0.17260273972602738 0.9412915851272015 0.13095890410958902 0.1086105675146771
0 0.23369863013698627 0.8940802348336594 0.04602739726027397 0.055283757338551856
0 0.0980821917808219 0.7243150684931506 0.04547945205479452 0.04060665362035225
0 0.2641095890410959 0.5941780821917808 0.043835616438356165 0.04060665362035225
0 0.19753424657534246 0.8581213307240704 0.025205479452054792 0.04598825831702544
0 0.23356164383561642 0.8189823874755381 0.04465753424657534 0.0410958904109589
1 0.016712328767123287 0.8192270058708414 0.033424657534246574 0.013209393346379647
