2 0.06107603623387318 0.8596276335129838 0.12160307438923963 0.18079372856442918
0 0.37976942080702714 0.8784909358157765 0.05133132034037881 0.23909848113669768
0 0.34161405435080977 0.7219500244977952 0.027724402964589622 0.060264576188143064
0 0.38882788910238814 0.5805977462028418 0.04968432610485863 0.051935325820676136
0 0.2802635190776832 0.8008329250367466 0.0894866867965962 0.13277804997550222
0 0.20889376887180894 0.9098481136697697 0.050507823222618715 0.11758941695247427
0 0.3921218775734285 0.6166095051445369 0.057370299203952785 0.09652131308182263
0 0.41367005215481745 0.541156295933366 0.02744990392533626 0.026947574718275354
0 0.32981059566291515 0.6763841254287114 0.04639033763381828 0.04556589906908378
0 0.38100466648366726 0.6825085742283195 0.009881965413121054 0.05389514943655071
0 0.17650288223991215 0.7633512983831455 0.10430963491627779 0.10681038706516413
0 0.4306889925885259 0.8125918667319941 0.024704913532802634 0.060264576188143064
0 0.45649190227834197 0.5835374816266536 0.014273950041174856 0.06565409113179814
0 0.17526763656327202 0.7280744732974033 0.10513313203403787 0.09995100440960314
0 0.34614328849849024 0.6300832925036747 0.023606917375789183 0.041156295933366
0 0.38457315399396097 0.5597746202841745 0.008234971177600877 0.013228809407153356
