0 0.3969256107603623 0.6773640372366487 0.04611583859456492 0.06516413522782949
0 0.3045566840516058 0.5727584517393435 0.011254460609387866 0.03135717785399314
0 0.32404611583859455 0.6543361097501225 0.05133132034037881 0.07790298873101421
1 0.20230579192972822 0.6709946104850564 0.17073840241559154 0.08280254777070063
0 0.3395553115564095 0.5536501714845664 0.012077957727147953 0.036256736893679566
0 0.3934943727696953 0.596766291033807 0.010156464452374416 0.025477707006369428
0 0.39074938237716167 0.8270455658990691 0.03486137798517705 0.22929936305732485
0 0.36961295635465274 0.6396374326310632 0.011254460609387866 0.024987751102400785
0 0.3164973922591271 0.5240078392944635 0.012626955805654679 0.025967662910338068
0 0.04117485588800439 0.792748652621264 0.07795772714795497 0.08525232729054386
0 0.5591545429590996 0.9554140127388535 0.01811693659072193 0.082312591866732
