0 0.38863013698630133 0.6930039138943248 0.019999999999999997 0.07289628180039139
0 0.38301369863013696 0.6174168297455969 0.012602739726027396 0.07338551859099804
0 0.07561643835616438 0.7101272015655576 0.14904109589041095 0.13454011741682975
1 0.34821917808219177 0.6868884540117417 0.061917808219178076 0.05283757338551859
0 0.30753424657534245 0.9645303326810175 0.05068493150684931 0.06017612524461839
0 0.30534246575342466 0.5589530332681018 0.010136986301369862 0.026908023483365948
0 0.3432876712328767 0.5795009784735812 0.025205479452054792 0.0611545988258317
0 0.3402739726027397 0.6291585127201565 0.014794520547945205 0.050880626223091974
0 0.31095890410958904 0.6445694716242661 0.014794520547945205 0.06311154598825831
0 0.041643835616438356 0.7201565557729941 0.025753424657534246 0.030332681017612523
0 0.19164383561643833 0.8532289628180039 0.04958904109589041 0.13992172211350293
0 0.23150684931506849 0.7590508806262231 0.026849315068493147 0.04941291585127201
0 0.22849315068493148 0.5905088062622309 0.03726027397260274 0.02837573385518591
0 0.18643835616438356 0.6237769080234833 0.03205479452054794 0.036203522504892366
0 0.24821917808219177 0.6653620352250489 0.0789041095890411 0.13013698630136986
0 0.36383561643835616 0.6604696673189824 0.009315068493150684 0.05283757338551859
0 0.38164383561643833 0.5643346379647749 0.0136986301369863 0.0474559686888454
0 0.3046575342465753 0.5976027397260274 0.019726027397260273 0.018101761252446183
0 0.2572602739726027 0.5670254403131115 0.010958904109589041 0.023483365949119372
0 0.4526027397260274 0.8896771037181995 0.049315068493150684 0.21673189823874756
0 0.2976712328767123 0.6560665362035225 0.0052054794520547945 0.02837573385518591
0 0.41068493150684926 0.8006360078277887 0.03616438356164383 0.1678082191780822
0 0.27863013698630135 0.5582191780821918 0.011506849315068492 0.012720156555772993
0 0.33342465753424655 0.5188356164383562 0.007123287671232876 0.014187866927592954
0 0.2858904109589041 0.7020547945205479 0.046849315068493144 0.05283757338551859
