0 0.3016438356164383 0.711839530332681 0.028493150684931506 0.053816046966731895
0 0.5073972602739726 0.8502935420743639 0.04328767123287671 0.16927592954990214
0 0.17712328767123287 0.9293052837573385 0.08520547945205478 0.13747553816046965
0 0.39328767123287667 0.5308219178082192 0.0052054794520547945 0.00684931506849315
0 0.3198630136986301 0.6678082191780822 0.008493150684931507 0.005870841487279843
0 0.42068493150684927 0.6988747553816047 0.027671232876712328 0.021037181996086105
0 0.4801369863013698 0.9410469667318981 0.03753424657534246 0.11105675146771037
0 0.33315068493150685 0.7930528375733855 0.04438356164383561 0.09980430528375733
0 0.20616438356164382 0.6558219178082192 0.0326027397260274 0.034735812133072405
0 0.45301369863013696 0.7326320939334637 0.023835616438356164 0.07583170254403131
