0 0.20065879769420805 0.6533561979421852 0.042272852045017836 0.037726604605585495
0 0.25432335986824045 0.8204311611954924 0.08262421081526214 0.16413522782949536
0 0.19434531979138073 0.6803037726604605 0.03074389239637661 0.01910828025477707
0 0.5653307713423003 0.8985791278784909 0.13642602250892122 0.19892209701126898
0 0.11679934120230578 0.753797158255757 0.09470216854241009 0.0926016658500735
0 0.28493000274499036 0.8887800097991181 0.023606917375789183 0.07055365017148457
0 0.30483118309085916 0.6193042626163645 0.010705462530881142 0.009799118079372856
0 0.20491353280263516 0.9522292993630573 0.05627230304693933 0.09162175404213621
0 0.0769969805105682 0.7508574228319451 0.08262421081526214 0.06320431161195492
1 0.109387867142465 0.8468887800097991 0.1929728245951139 0.12101910828025478
1 0.3542410101564644 0.9502694757471828 0.23853966511117208 0.06222439980401764
1 0.3670052154817458 0.6621754042136208 0.058742794400219595 0.060264576188143064
1 0.37976942080702714 0.6090151886330231 0.05791929728245951 0.012738853503184714
0 0.15440570958001645 0.6849583537481626 0.045841339555311555 0.03723664870161685
0 0.32775185286851494 0.6729544341009309 0.014273950041174856 0.020088192062714356
0 0.356574251990118 0.7248897599216071 0.04940982706560527 0.056344928956393925
0 0.40529783145758985 0.6050955414012739 0.02552841065056272 0.03821656050955414
0 0.2780675267636563 0.9708476237138657 0.024155915454295906 0.05438510534051935
0 0.46911885808399667 0.9752572268495835 0.03348888278891023 0.04556589906908378
0 0.4433159483941806 0.8586477217050466 0.04940982706560527 0.21999020088192062
0 0.2504803733186934 0.6347378735913768 0.031018391435629972 0.021068103870651642
0 0.4608838869063958 0.6580107790298872 0.03678287125995059 0.082312591866732
0 0.02333241833653582 0.8268005879470848 0.04501784243755146 0.04360607545320921
