0 0.23041095890410956 0.7930528375733855 0.01589041095890411 0.03913894324853229
0 0.4217808219178082 0.8150684931506849 0.03863013698630137 0.3698630136986301
0 0.18301369863013697 0.6636497064579256 0.06684931506849315 0.05626223091976516
1 0.23876712328767122 0.8625244618395302 0.35041095890410956 0.03816046966731898
1 0.4850684931506849 0.8701076320939334 0.1389041095890411 0.030821917808219176
0 0.4127397260273972 0.5484344422700587 0.010136986301369862 0.011741682974559686
0 0.2706849315068493 0.7076810176125244 0.0652054794520548 0.09735812133072407
0 0.3854794520547945 0.6051859099804305 0.009863013698630137 0.046966731898238745
0 0.26342465753424654 0.6015166340508806 0.09780821917808219 0.06409001956947162
0 0.4216438356164383 0.5738747553816047 0.009863013698630137 0.018590998043052837
0 0.420958904109589 0.6044520547945205 0.011232876712328766 0.018101761252446183
0 0.11082191780821916 0.7541585127201565 0.04465753424657534 0.04452054794520548
0 0.39863013698630134 0.5555283757338552 0.004931506849315068 0.031800391389432484
