0 0.12503431237990667 0.7709456148946595 0.011803458687894591 0.016168544830965213
1 0.41353280263519077 0.8537481626653601 0.1710129014548449 0.04850563449289564
0 0.4352182267362064 0.8549730524252817 0.06011528959648641 0.28123468887800096
0 0.19928630249794124 0.6624203821656051 0.071918748284381 0.07153356197942184
0 0.10252539116113094 0.7474277315041646 0.06889925885259401 0.06712395884370406
0 0.28781224265715066 0.6031357177853993 0.006862475981334065 0.009799118079372856
0 0.378534175130387 0.5994610485056345 0.01372495196266813 0.021068103870651642
1 0.19873730441943452 0.9255267025967663 0.0609387867142465 0.025477707006369428
0 0.15975844084545704 0.7361587457128859 0.040625857809497665 0.06320431161195492
0 0.2974197090310184 0.5918667319941205 0.007960472138347515 0.009799118079372856
0 0.3708482020312929 0.5798628123468887 0.012077957727147953 0.015188633023027927
0 0.06395827614603349 0.8373346398824105 0.12352456766401317 0.10583047525722684
0 0.3921218775734285 0.6467417932386085 0.014548449080428218 0.061734443900048994
0 0.31828163601427395 0.8015678588926997 0.13368103211638757 0.3811856932876041
