0 0.4010958904109589 0.6022504892367906 0.003835616438356164 0.014677103718199608
0 0.45452054794520547 0.8331702544031311 0.009863013698630137 0.057729941291585124
1 0.3963013698630137 0.6093444227005871 0.09068493150684931 0.006360078277886497
0 0.4083561643835616 0.5787671232876712 0.006301369863013698 0.03816046966731898
0 0.31301369863013695 0.5640900195694716 0.01780821917808219 0.019569471624266144
0 0.4368493150684931 0.6064090019569471 0.007945205479452055 0.021037181996086105
0 0.3258904109589041 0.5540606653620352 0.0052054794520547945 0.0053816046966731895
0 0.4717808219178082 0.9701565557729941 0.0136986301369863 0.053816046966731895
0 0.4610958904109589 0.9036203522504892 0.017534246575342465 0.10176125244618395
0 0.41712328767123286 0.595890410958904 0.004657534246575342 0.008806262230919765
