3 0.4358904109589041 0.5391389432485323 0.008767123287671232 0.00684931506849315
3 0.3065753424657534 0.6514187866927592 0.020821917808219178 0.010273972602739725
1 0.38109589041095887 0.599559686888454 0.023561643835616437 0.004403131115459882
3 0.43452054794520545 0.514921722113503 0.016986301369863014 0.006360078277886497
3 0.21465753424657533 0.6932485322896281 0.01780821917808219 0.008806262230919765
0 0.4301369863013698 0.6682974559686888 0.010958904109589041 0.023483365949119372
0 0.4236986301369863 0.5963796477495107 0.00410958904109589 0.01761252446183953
3 0.4083561643835616 0.5596868884540117 0.016164383561643833 0.004892367906066536
3 0.2798630136986301 0.6685420743639922 0.034794520547945205 0.01223091976516634
1 0.06726027397260273 0.897504892367906 0.1317808219178082 0.014187866927592954
0 0.4798630136986301 0.7274951076320939 0.03753424657534246 0.0547945205479452
0 0.39041095890410954 0.5895303326810176 0.015342465753424656 0.014677103718199608
1 0.4435616438356164 0.6095890410958904 0.016986301369863014 0.0029354207436399216
2 0.43479452054794515 0.5640900195694716 0.023561643835616437 0.02054794520547945
3 0.45342465753424654 0.5151663405088063 0.007671232876712328 0.004892367906066536
0 0.22465753424657534 0.8209393346379648 0.2728767123287671 0.34931506849315064
