3 0.3154794520547945 0.6927592954990215 0.019999999999999997 0.010763209393346379
2 0.26 0.7081702544031311 0.0273972602739726 0.041585127201565555
2 0.30753424657534245 0.6526418786692759 0.041369863013698625 0.03131115459882583
3 0.3328767123287671 0.6988747553816047 0.009863013698630137 0.006360078277886497
3 0.35410958904109585 0.6448140900195695 0.005753424657534246 0.004892367906066536
3 0.2815068493150685 0.7108610567514677 0.016164383561643833 0.011741682974559686
3 0.3313698630136986 0.6636497064579256 0.014520547945205478 0.009295499021526418
2 0.42602739726027394 0.6142367906066536 0.025753424657534246 0.03669275929549902
3 0.3020547945205479 0.7108610567514677 0.016712328767123287 0.008806262230919765
3 0.3454794520547945 0.6396771037181995 0.00821917808219178 0.003424657534246575
