0 0.2390886631896788 0.6413522782949534 0.06642876749931374 0.07055365017148457
0 0.3671424650013725 0.602155805977462 0.021685424101015646 0.046055854973052424
0 0.22893219873730442 0.7209701126898579 0.0763107329124348 0.08574228319451249
0 0.07178149876475431 0.9056834884860362 0.10074114740598407 0.10044096031357178
0 0.20820752127367553 0.8346398824105831 0.07603623387318144 0.1386575208231259
0 0.34257480098819654 0.5903968642822146 0.03074389239637661 0.06467417932386085
0 0.1703266538567115 0.8116119549240568 0.04639033763381828 0.06222439980401764
0 0.06587976942080702 0.8179813816756492 0.12572055997804008 0.06614404703576678
0 0.1497392259127093 0.7290543851053405 0.11336810321163875 0.09995100440960314
0 0.1159758440845457 0.9441450269475747 0.11281910513313202 0.09407153356197942
0 0.4028273401043096 0.6763841254287114 0.011803458687894591 0.0171484566389025
2 0.47515783694757063 0.8522782949534542 0.07027175404886082 0.02792748652621264
2 0.34888827889102386 0.8481136697697207 0.20148229481196814 0.1969622733953944
