0 0.1644249245127642 0.7226849583537481 0.13834751578369475 0.09407153356197942
0 0.32473236343672796 0.7687408133268006 0.03623387318144386 0.058794708476237134
0 0.4717265989569036 0.7297893189612935 0.014548449080428218 0.05438510534051935
0 0.35918199286302493 0.7033317001469868 0.020587427944002194 0.03674669279764821
0 0.3030469393357123 0.7491425771680549 0.025802909689816085 0.048015678588927
0 0.19269832555586053 0.8557079862812347 0.0807027175404886 0.10142087212150906
0 0.6294262970079604 0.9615384615384616 0.05599780400768597 0.07300342969132778
0 0.4548449080428218 0.7775600195982362 0.005489980785067252 0.01567858892699657
0 0.30647817732637933 0.6369426751592356 0.013999451001921492 0.018618324350808426
0 0.25432335986824045 0.6795688388045076 0.08262421081526214 0.07153356197942184
0 0.569722755970354 0.9279764821166094 0.05517430688992588 0.13326800587947085
0 0.0726049958825144 0.8280254777070064 0.14356299752950863 0.13522782949534543
0 0.4161405435080977 0.9211170994610485 0.027998902003842984 0.15384615384615385
