0 0.22493150684931507 0.8446673189823874 0.06356164383561644 0.1404109589041096
1 0.4627397260273972 0.8713307240704501 0.08383561643835616 0.05675146771037182
0 0.17164383561643834 0.7052348336594911 0.05342465753424657 0.03962818003913894
0 0.4456164383561644 0.687866927592955 0.012876712328767123 0.040117416829745595
1 0.20410958904109588 0.7079256360078278 0.07452054794520548 0.022504892367906065
1 0.3461643835616438 0.5887964774951076 0.019999999999999997 0.008317025440313111
0 0.38671232876712325 0.6281800391389432 0.014520547945205478 0.02837573385518591
1 0.4475342465753424 0.7240704500978473 0.05780821917808219 0.029354207436399216
1 0.36123287671232873 0.6832191780821918 0.13232876712328767 0.0474559686888454
1 0.4198630136986301 0.6125244618395302 0.03150684931506849 0.018590998043052837
0 0.5165753424657534 0.9425146771037182 0.0326027397260274 0.10420743639921722
0 0.37643835616438354 0.8935909980430528 0.02958904109589041 0.20596868884540115
0 0.2689041095890411 0.7441291585127201 0.05452054794520548 0.0812133072407045
0 0.4234246575342465 0.7969667318982387 0.04082191780821918 0.10176125244618395
1 0.35410958904109585 0.7700587084148728 0.06383561643835615 0.015655577299412915
1 0.1526027397260274 0.7676125244618395 0.16493150684931507 0.07338551859099804
1 0.2658904109589041 0.6555772994129159 0.22767123287671232 0.03131115459882583
1 0.24205479452054793 0.6861545988258316 0.10493150684931506 0.013209393346379647
