0 0.3665753424657534 0.6961839530332681 0.03068493150684931 0.03131115459882583
0 0.1806849315068493 0.8150684931506849 0.051780821917808216 0.07534246575342465
0 0.24890410958904108 0.712573385518591 0.07753424657534246 0.10909980430528375
0 0.29383561643835615 0.7876712328767123 0.02547945205479452 0.03816046966731898
1 0.34753424657534243 0.7612524461839529 0.2736986301369863 0.026418786692759294
0 0.3184931506849315 0.6046966731898238 0.00958904109589041 0.018590998043052837
1 0.10575342465753423 0.7710371819960861 0.21150684931506847 0.019569471624266144
0 0.17945205479452053 0.8336594911937377 0.026849315068493147 0.046966731898238745
0 0.28863013698630136 0.9023972602739726 0.09397260273972602 0.19129158512720157
0 0.13191780821917806 0.9454500978473581 0.06712328767123288 0.10322896281800391
