0 0.2556164383561644 0.836839530332681 0.19780821917808217 0.12573385518590996
0 0.47602739726027393 0.723091976516634 0.013972602739726026 0.06164383561643835
1 0.3784931506849315 0.6460371819960861 0.12246575342465753 0.02201565557729941
0 0.3935616438356164 0.6071428571428571 0.03753424657534246 0.04598825831702544
0 0.44821917808219175 0.6435909980430528 0.018082191780821915 0.048434442270058706
0 0.1663013698630137 0.9339530332681018 0.07999999999999999 0.13111545988258316
0 0.2741095890410959 0.6215753424657534 0.07917808219178081 0.05332681017612524
0 0.4332876712328767 0.7600293542074363 0.029863013698630134 0.09931506849315068
0 0.5158904109589041 0.8153131115459882 0.01643835616438356 0.1286692759295499
0 0.4702739726027397 0.5552837573385518 0.011232876712328766 0.040117416829745595
1 0.47739726027397256 0.6988747553816047 0.11863013698630136 0.01614481409001957
0 0.48383561643835615 0.6558219178082192 0.006575342465753424 0.06604696673189824
