0 0.4368652209717266 0.9355707986281234 0.035410376063683774 0.12493875551200392
0 0.4995882514411199 0.8897599216070553 0.038978863573977486 0.21656050955414013
0 0.47721657974197085 0.5467907888290053 0.016195443315948393 0.012738853503184714
0 0.05997804007685972 0.8027927486526213 0.11281910513313202 0.08966193042626164
0 0.4441394455119407 0.5531602155805977 0.04611583859456492 0.027437530622243998
0 0.3395553115564095 0.6785889269965703 0.10101564644523743 0.09897109260166585
0 0.39006313477902826 0.5774130328270456 0.05599780400768597 0.04654581087702107
0 0.4499039253362613 0.6709946104850564 0.021410925061762284 0.04654581087702107
0 0.34888827889102386 0.6148946594806467 0.02305791929728246 0.02645761881430671
0 0.40900356848751024 0.602890739833415 0.017018940433708482 0.028907398334149927
2 0.44592368926708753 0.6117099461048505 0.04090035684875103 0.06908378245957864
0 0.15783694757068348 0.7611464968152866 0.08180071369750205 0.07398334149926507
0 0.05997804007685972 0.8586477217050466 0.11391710129014547 0.1259186673199412
0 0.29989020038429864 0.5992160705536501 0.05188031841888553 0.06761391474767271
