0 0.2695890410958904 0.6925146771037182 0.02136986301369863 0.021037181996086105
1 0.3754794520547945 0.7052348336594911 0.029315068493150683 0.03767123287671233
0 0.270958904109589 0.672945205479452 0.005479452054794521 0.01614481409001957
0 0.3290410958904109 0.6098336594911937 0.012054794520547944 0.02592954990215264
0 0.3363013698630137 0.6563111545988258 0.00684931506849315 0.015166340508806261
1 0.32712328767123283 0.6416340508806262 0.025205479452054792 0.015166340508806261
0 0.313972602739726 0.6731898238747553 0.008767123287671232 0.016634050880626222
1 0.19493150684931507 0.7901174168297456 0.21452054794520548 0.029354207436399216
1 0.426986301369863 0.7898727984344422 0.16575342465753423 0.013209393346379647
0 0.29082191780821914 0.7272504892367906 0.013972602739726026 0.018101761252446183
2 0.07397260273972603 0.8016144814090019 0.03890410958904109 0.04452054794520548
1 0.2984931506849315 0.6281800391389432 0.03424657534246575 0.016634050880626222
1 0.3517808219178082 0.6739236790606653 0.034520547945205475 0.024951076320939333
2 0.2967123287671233 0.885518590998043 0.17369863013698628 0.22896281800391388
0 0.32273972602739726 0.6494618395303327 0.004931506849315068 0.013209393346379647
0 0.2946575342465753 0.6570450097847358 0.0052054794520547945 0.021526418786692758
0 0.19726027397260273 0.7179549902152641 0.014246575342465753 0.014187866927592954
0 0.29260273972602735 0.7563600782778864 0.007671232876712328 0.0273972602739726
