0 0.3783969256107603 0.6415972562469378 0.015097447158934943 0.08280254777070063
0 0.0872906944825693 0.9781969622733954 0.054350809772165797 0.03968642822146007
0 0.3147131485039802 0.6060754532092112 0.018391435629975295 0.06565409113179814
0 0.200247049135328 0.8554630083292504 0.12599505901729344 0.1763841254287114
0 0.28204776283283006 0.6371876531112199 0.028273401043096346 0.026947574718275354
0 0.3757891847378534 0.5798628123468887 0.03293988471040351 0.08084272415482606
0 0.31196815811144657 0.7097011268985791 0.0315673895141367 0.07496325330720235
0 0.3331045841339555 0.5450759431651151 0.01564644523744167 0.05144536991670749
0 0.34408454570409003 0.7704556589906908 0.01894043370848202 0.07888290053895149
0 0.38114191600329395 0.8397844194022538 0.026077408729069447 0.3135717785399314
0 0.3272028547900082 0.79421852033317 0.11199560801537194 0.24007839294463498
0 0.20079604721383473 0.8238608525232729 0.04144935492725775 0.08672219500244978
0 0.2912434806478177 0.5845173934345909 0.010979961570134504 0.029397354238118567
0 0.3265166071918748 0.6251837334639883 0.0447433433982981 0.11073003429691328
0 0.14617073840241557 0.7966682998530132 0.21548174581388962 0.2988731014208721
