0 0.3 0.6812622309197651 0.055342465753424656 0.10322896281800391
1 0.3550684931506849 0.7536692759295499 0.19452054794520546 0.02201565557729941
0 0.06917808219178082 0.8913894324853229 0.030958904109589038 0.05185909980430528
0 0.18219178082191778 0.7800880626223091 0.0673972602739726 0.03962818003913894
0 0.22972602739726025 0.7162426614481409 0.027671232876712328 0.06457925636007827
0 0.4250684931506849 0.6961839530332681 0.02328767123287671 0.16046966731898238
0 0.35219178082191777 0.5797455968688845 0.0073972602739726025 0.007827788649706457
0 0.2798630136986301 0.6247553816046967 0.04246575342465753 0.036203522504892366
0 0.15273972602739724 0.8373287671232876 0.034794520547945205 0.04256360078277886
0 0.2580821917808219 0.6634050880626223 0.03178082191780822 0.03816046966731898
