0 0.7441095890410958 0.8681506849315068 0.25150684931506845 0.26272015655577297
1 0.27232876712328763 0.7649217221135028 0.5293150684931507 0.045499021526418784
0 0.5119178082191781 0.8620352250489236 0.09726027397260273 0.2720156555772994
0 0.1447945205479452 0.7177103718199608 0.10438356164383561 0.07729941291585127
0 0.42273972602739723 0.6599804305283757 0.02136986301369863 0.04598825831702544
0 0.20315068493150684 0.6614481409001957 0.016712328767123287 0.023483365949119372
0 0.02095890410958904 0.8275440313111545 0.04191780821917808 0.05039138943248532
0 0.6727397260273972 0.7025440313111546 0.06438356164383562 0.04892367906066536
0 0.06534246575342466 0.7534246575342465 0.04246575342465753 0.036203522504892366
0 0.47054794520547943 0.6986301369863013 0.0210958904109589 0.0410958904109589
0 0.03876712328767123 0.7950097847358121 0.04082191780821918 0.02837573385518591
0 0.0758904109589041 0.7688356164383561 0.032328767123287666 0.020058708414872797
