0 0.16744441394455117 0.8172464478196962 0.04666483667307164 0.06957373836354729
0 0.06986000548998078 0.875061244487996 0.13532802635190777 0.1567858892699657
2 0.4467471863848476 0.7378735913767761 0.1430139994510019 0.25477707006369427
0 0.39939610211364257 0.6060754532092112 0.01592094427669503 0.04409603135717785
1 0.2559703541037606 0.7694757471827536 0.08811419160032939 0.021068103870651642
0 0.5775459785890749 0.849093581577658 0.03129289047488334 0.057814796668299855
0 0.2209717265989569 0.6918177364037237 0.008783969256107603 0.014698677119059284
0 0.4383749656876201 0.589171974522293 0.017018940433708482 0.02988731014208721
1 0.21712874004940982 0.768250857422832 0.07685973099094152 0.036256736893679566
0 0.3493000274499039 0.7535521803037727 0.02992039527861652 0.057814796668299855
1 0.2960472138347516 0.7204801567858893 0.11172110897611857 0.03674669279764821
1 0.2362064232775185 0.7013718765311122 0.28081251715618993 0.05144536991670749
0 0.48407905572330495 0.6153846153846154 0.006862475981334065 0.019598236158745713
1 0.32486961295635464 0.6675649191572758 0.09415317046390337 0.023027927486526212
1 0.18734559429041997 0.6822635962763351 0.0793302223442218 0.008329250367466928
0 0.5830359593741421 0.9304262616364527 0.055448805929179244 0.13032827045565898
0 0.20807027175404885 0.7219500244977952 0.0653307713423003 0.05144536991670749
