1 0.44729618446335434 0.7640862322390984 0.06121328575349986 0.07496325330720235
2 0.3491627779302772 0.6656050955414012 0.06917375789184738 0.09554140127388534
0 0.2274224540214109 0.5534051935325821 0.01564644523744167 0.009309162175404213
1 0.28424375514685696 0.5712885840274375 0.03650837222069722 0.007839294463498285
2 0.24183365358221245 0.5788829005389515 0.04776283283008509 0.030867221950024497
0 0.30496843261048584 0.807937285644292 0.032390886631896786 0.10681038706516413
1 0.24608838869063956 0.7045565899069084 0.09744715893494373 0.041156295933366
1 0.23428493000274497 0.6543361097501225 0.056821301125446054 0.014208721215090642
0 0.15509195717814986 0.6668299853013229 0.09991765028822398 0.10191082802547771
1 0.3772989294537469 0.7097011268985791 0.15179796870710952 0.05144536991670749
0 0.3705737029920395 0.821656050955414 0.03952786165248422 0.07545320921117099
1 0.34257480098819654 0.5921117099461048 0.01921493274773538 0.014208721215090642
1 0.15358221246225637 0.7844194022537971 0.3011254460609388 0.10191082802547771
0 0.18309085918199286 0.9257716805487506 0.07466373867691463 0.14845663890249877
0 0.40680757617348334 0.923811856932876 0.030194894317869887 0.15041646251837335
