0 0.49273972602739724 0.848091976516634 0.011232876712328766 0.03962818003913894
0 0.4473972602739726 0.672945205479452 0.039999999999999994 0.062133072407045006
0 0.49821917808219174 0.9361545988258316 0.007945205479452055 0.03767123287671233
0 0.4184931506849315 0.5939334637964775 0.012328767123287671 0.03522504892367906
0 0.41739726027397256 0.5611545988258316 0.013972602739726026 0.03131115459882583
0 0.42260273972602735 0.6247553816046967 0.00958904109589041 0.019569471624266144
0 0.44136986301369857 0.6139921722113503 0.014794520547945205 0.0273972602739726
1 0.46041095890410955 0.6127690802348337 0.024383561643835615 0.006360078277886497
0 0.440958904109589 0.772504892367906 0.02821917808219178 0.1487279843444227
1 0.41575342465753423 0.6382093933463796 0.1465753424657534 0.011252446183953033
0 0.47863013698630136 0.8003913894324852 0.010410958904109589 0.043052837573385516
