1 0.35533900631347787 0.5688388045075943 0.034312379906670326 0.01567858892699657
0 0.4463354378259676 0.6915727584517394 0.034037880867416964 0.05046545810877021
0 0.13546527587153445 0.8968642822146007 0.13093604172385395 0.19843214110730034
1 0.2959099643151249 0.6359627633512984 0.07960472138347516 0.006859382655560999
0 0.2399121603074389 0.6479666829985301 0.043919846280538015 0.04262616364527193
0 0.10870161954433159 0.7976482116609505 0.2163052429316497 0.2567368936795688
0 0.4276695031567389 0.7457128858402744 0.05325281361515234 0.11366976972072514
0 0.22728520450178422 0.7814796668299853 0.07301674444139444 0.13326800587947085
0 0.2194619818830634 0.8863302302792748 0.10458413395553115 0.2253797158255757
0 0.2809497666758166 0.8978441940225379 0.07384024155915454 0.19745222929936304
0 0.47858907493823766 0.9211170994610485 0.0315673895141367 0.15188633023027928
0 0.3053801811693659 0.7520823125918668 0.049135328026351906 0.13914747672709457
1 0.24526489157287948 0.6785889269965703 0.15783694757068348 0.03331700146986771
0 0.4087290694482569 0.5874571288584027 0.045566840516058194 0.057814796668299855
0 0.33283008509470213 0.6636452719255267 0.022783420258029097 0.05438510534051935
1 0.2964589623936316 0.6489465948064674 0.09442766950315673 0.009309162175404213
0 0.2683228108701619 0.7398334149926507 0.060664287674993135 0.11562959333659971
1 0.31416415042547347 0.6168544830965214 0.08372220697227559 0.011758941695247428
1 0.3954158660444688 0.6335129838314552 0.06395827614603349 0.02253797158255757
0 0.4796870710952511 0.8268005879470848 0.03486137798517705 0.13571778539931406
