1 0.37825967609113365 0.6795688388045076 0.16524842163052428 0.02449779519843214
0 0.16099368652209717 0.6861832435080842 0.03705737029920395 0.03968642822146007
0 0.3118309085918199 0.5482606565409113 0.009881965413121054 0.06957373836354729
0 0.3897886357397749 0.6761391474767271 0.020861926983255556 0.08133268005879471
2 0.3245951139171013 0.5467907888290053 0.014548449080428218 0.05683488486036257
2 0.2965962119132583 0.6381675649191573 0.055723304968432606 0.10828025477707007
0 0.21012901454844907 0.621264086232239 0.07054625308811419 0.082312591866732
0 0.4795498215756244 0.7297893189612935 0.03293988471040351 0.07986281234688877
2 0.3777106780126269 0.5997060264576188 0.03293988471040351 0.0744732974032337
0 0.27285204501784244 0.5431161195492406 0.006587976942080702 0.024987751102400785
0 0.40763107329124343 0.8027927486526213 0.048860828987098544 0.17687408133268007
0 0.08166346417787537 0.8116119549240568 0.15783694757068348 0.18961293483586478
0 0.13958276146033488 0.6874081332680059 0.038704364534724124 0.04409603135717785
2 0.35629975295086463 0.5450759431651151 0.020861926983255556 0.028907398334149927
