0 0.5295086467197364 0.8192062714355708 0.03293988471040351 0.082312591866732
0 0.23030469393357123 0.9358157765801077 0.0631347790282734 0.12444879960803527
0 0.017156189953335163 0.8804507594316512 0.034312379906670326 0.042136207741303285
0 0.3851221520724677 0.7280744732974033 0.013175953884161404 0.054875061244487995
0 0.2867142465001372 0.6396374326310632 0.038704364534724124 0.05732484076433121
0 0.44880592917924783 0.8495835374816266 0.06368377710678012 0.2988731014208721
0 0.06944825693110074 0.7851543361097502 0.13560252539116113 0.14845663890249877
0 0.34765303321438373 0.5975012248897599 0.021136426022508918 0.053405193532582065
0 0.49121603074389236 0.7285644292013719 0.01564644523744167 0.04703576678098971
0 0.26653856711501506 0.5962763351298384 0.04501784243755146 0.046055854973052424
0 0.1320340378808674 0.6832435080842724 0.05819379632171287 0.053405193532582065
0 0.1555037057370299 0.9441450269475747 0.06231128191051331 0.10583047525722684
0 0.5916826791106231 0.9196472317491425 0.05078232226187208 0.15384615384615385
0 0.4029645896239363 0.5786379225869671 0.023606917375789183 0.1087702106810387
0 0.1247598133406533 0.9154826065654091 0.10403513587702443 0.16217540421362078
2 0.24897062860279986 0.779764821166095 0.1482294811968158 0.20333170014698676
0 0.10334888827889102 0.8069573738363547 0.11940708207521272 0.14208721215090642
