2 0.3806849315068493 0.8062622309197651 0.06821917808219177 0.13992172211350293
1 0.18123287671232877 0.7945205479452054 0.33890410958904105 0.022504892367906065
2 0.24424657534246574 0.7348336594911937 0.08136986301369863 0.13894324853228962
0 0.2894520547945205 0.6477495107632094 0.017260273972602738 0.030332681017612523
0 0.3771232876712329 0.598825831702544 0.01506849315068493 0.0410958904109589
0 0.40342465753424656 0.6580234833659491 0.018904109589041096 0.05870841487279843
0 0.2152054794520548 0.9006849315068493 0.06821917808219177 0.1780821917808219
0 0.26479452054794517 0.7764187866927592 0.030958904109589038 0.07925636007827788
0 0.36 0.7059686888454011 0.012602739726027396 0.06555772994129158
0 0.36054794520547945 0.6298923679060665 0.01643835616438356 0.08463796477495107
2 0.21164383561643835 0.6367416829745597 0.08082191780821918 0.07289628180039139
