0 0.2938512215207247 0.6381675649191573 0.02003842986549547 0.02988731014208721
2 0.24238265166071918 0.6891229789318961 0.04446884435904474 0.07594316511513964
0 0.21122701070546251 0.5325820676139147 0.005215481745813889 0.007839294463498285
1 0.23016744441394454 0.8157765801077903 0.45978589074938236 0.08917197452229299
0 0.35190776832281084 0.624938755512004 0.01976393082624211 0.02988731014208721
0 0.5485863299478452 0.8978441940225379 0.118858083996706 0.1739343459088682
0 0.21438374965687618 0.9532092111709946 0.023606917375789183 0.08672219500244978
0 0.21506999725500958 0.5426261636452719 0.0030194894317869883 0.007349338559529642
0 0.4320614877847927 0.7224399804017638 0.10595662915179796 0.16217540421362078
0 0.3230853692012078 0.6874081332680059 0.01372495196266813 0.08917197452229299
0 0.353554762558331 0.6531112199902008 0.010979961570134504 0.02449779519843214
0 0.20381553664562171 0.5727584517393435 0.007960472138347515 0.011758941695247428
