0 0.42094427669503154 0.5538951494365507 0.010705462530881142 0.021068103870651642
0 0.40186659346692283 0.5828025477707006 0.015371946198188305 0.03968642822146007
0 0.3735931924238265 0.6403723664870161 0.05929179247872632 0.048015678588927
0 0.058605544880592914 0.8292503674669279 0.11721108976118583 0.09456148946594806
0 0.09991765028822398 0.820921117099461 0.19983530057644797 0.22488975992160706
0 0.425473510842712 0.6293483586477217 0.058742794400219595 0.007349338559529642
0 0.34092780675267637 0.9703576678098971 0.02635190776832281 0.053405193532582065
0 0.2559703541037606 0.6668299853013229 0.11172110897611857 0.096031357177854
0 0.2732637935767225 0.7501224889759921 0.11556409552566566 0.1773640372366487
0 0.40392533626132304 0.7741303282704557 0.01894043370848202 0.0881920627143557
0 0.3870436453472413 0.8890249877511024 0.03678287125995059 0.12101910828025478
0 0.43919846280538016 0.7226849583537481 0.01482294811968158 0.030377266046055854
