0 0.43796321712874003 0.7378735913767761 0.028822399121603073 0.05389514943655071
0 0.16771891298380454 0.7097011268985791 0.04337084820203129 0.03576678098971092
0 0.34820203129289046 0.6232239098481137 0.00741147405984079 0.018618324350808426
0 0.3180071369750206 0.6031357177853993 0.022783420258029097 0.04017638412542871
0 0.5043919846280538 0.8784909358157765 0.0925061762283832 0.24105830475257226
1 0.35314301399945097 0.5835374816266536 0.057370299203952785 0.01567858892699657
1 0.22261872083447706 0.6810387065164135 0.06917375789184738 0.019598236158745713
0 0.40035684875102934 0.6046055854973053 0.005764479824320615 0.028417442430181284
0 0.3654954707658523 0.6273885350318471 0.014548449080428218 0.07300342969132778
0 0.4139445511940708 0.8792258696717296 0.027998902003842984 0.24154826065654092
1 0.2458138896513862 0.6352278294953454 0.022783420258029097 0.01224889759921607
2 0.41147405984079055 0.6567858892699657 0.07136975020587427 0.10240078392944635
0 0.21397200109799613 0.6553160215580598 0.04309634916277793 0.03576678098971092
0 0.31416415042547347 0.5752082312591866 0.03046939335712325 0.02253797158255757
1 0.45360966236618167 0.6636452719255267 0.031018391435629972 0.020088192062714356
0 0.5319791380730167 0.8510534051935326 0.04611583859456492 0.06075453209211171
0 0.4063958276146033 0.5688388045075943 0.005764479824320615 0.018618324350808426
0 0.4206697776557782 0.5918667319941205 0.0030194894317869883 0.008819206271435572
0 0.3173208893768872 0.9316511513963743 0.023606917375789183 0.13081822635962764
0 0.3045566840516058 0.7885840274375306 0.04803733186933845 0.2356687898089172
0 0.40996431512489706 0.7270945614894659 0.011254460609387866 0.039196472317491425
0 0.4658248696129563 0.7383635472807447 0.02744990392533626 0.054875061244487995
0 0.2635190776832281 0.6259186673199412 0.01592094427669503 0.020088192062714356
0 0.5023332418336536 0.773640372366487 0.08454570409003567 0.14110730034296914
0 0.17883612407356572 0.8419892209701126 0.21218775734284928 0.3091621754042136
0 0.41435629975295085 0.604360607545321 0.004666483667307164 0.0240078392944635
0 0.3800439198462805 0.6092601665850074 0.012901454844908043 0.02988731014208721
0 0.39582761460334887 0.5732484076433121 0.008783969256107603 0.014698677119059284
0 0.26297007960472135 0.8292503674669279 0.01372495196266813 0.05536501714845664
