0 0.2775342465753424 0.5873287671232876 0.031232876712328765 0.02299412915851272
0 0.18273972602739724 0.6501956947162426 0.022465753424657533 0.019569471624266144
0 0.23178082191780822 0.7798434442270058 0.020821917808219178 0.053816046966731895
0 0.27534246575342464 0.6819960861056751 0.03506849315068493 0.05283757338551859
1 0.4657534246575342 0.9425146771037182 0.18684931506849314 0.031800391389432484
0 0.3935616438356164 0.6046966731898238 0.011780821917808219 0.022504892367906065
1 0.28726027397260273 0.8187377690802348 0.09780821917808219 0.021037181996086105
0 0.4986301369863013 0.8561643835616438 0.03726027397260274 0.060665362035225046
0 0.37931506849315066 0.5567514677103718 0.016712328767123287 0.019569471624266144
1 0.09575342465753424 0.8118884540117416 0.11534246575342465 0.021037181996086105
0 0.4561643835616438 0.9787181996086105 0.026301369863013697 0.03669275929549902
0 0.22794520547945205 0.6232876712328766 0.053698630136986295 0.046966731898238745
0 0.30589041095890407 0.5660469667318982 0.01780821917808219 0.019569471624266144
0 0.3515068493150685 0.6042074363992171 0.022465753424657533 0.01761252446183953
0 0.39712328767123284 0.5234833659491194 0.0073972602739726025 0.018590998043052837
0 0.380958904109589 0.5325342465753424 0.013972602739726026 0.024951076320939333
0 0.34041095890410955 0.6264677103718199 0.0073972602739726025 0.01614481409001957
0 0.16424657534246573 0.6761252446183953 0.06219178082191781 0.04500978473581213
0 0.40041095890410955 0.5692270058708414 0.010684931506849314 0.04354207436399217
