0 0.39296875000000003 0.57734375 0.0234375 0.0484375
0 0.53671875 0.7429687500000001 0.08281250000000001 0.06406250000000001
0 0.90625 0.68359375 0.184375 0.07968750000000001
0 0.35234375 0.7125 0.026562500000000003 0.1125
1 0.41250000000000003 0.89375 0.21250000000000002 0.059375000000000004
2 0.284375 0.7125 0.225 0.15937500000000002
0 0.71796875 0.846875 0.2765625 0.296875
0 0.08046875 0.765625 0.07968750000000001 0.084375
1 0.7140625 0.68125 0.1625 0.046875
0 0.27421875 0.8500000000000001 0.0421875 0.12187500000000001
0 0.30859375 0.9460937500000001 0.045312500000000006 0.1078125
