3 0.8895833333333334 0.8013888888888889 0.1902777777777778 0.05555555555555556
3 0.4701388888888889 0.7263888888888889 0.10416666666666667 0.08333333333333334
3 0.34097222222222223 0.7611111111111112 0.06805555555555556 0.0638888888888889
3 0.22569444444444445 0.8569444444444445 0.06805555555555556 0.0638888888888889
3 0.28958333333333336 0.6895833333333333 0.043055555555555555 0.03194444444444445
3 0.1590277777777778 0.8256944444444445 0.043055555555555555 0.03194444444444445
3 0.08750000000000001 0.8388888888888889 0.058333333333333334 0.04166666666666667
2 0.732638888888889 0.8243055555555556 0.10694444444444445 0.059722222222222225
3 0.2715277777777778 0.9159722222222223 0.20416666666666666 0.10694444444444445
2 0.12569444444444444 0.8763888888888889 0.24861111111111112 0.21944444444444444
2 0.36388888888888893 0.8173611111111111 0.18055555555555555 0.07916666666666666
3 0.56875 0.6034722222222223 0.10416666666666667 0.04583333333333334
0 0.6013888888888889 0.8083333333333333 0.05277777777777778 0.09722222222222222
