2 0.6041666666666667 0.6125 0.19833333333333333 0.18500000000000003
2 0.4916666666666667 0.8441666666666667 0.19 0.24500000000000002
1 0.10583333333333333 0.8866666666666667 0.20833333333333334 0.04666666666666667
1 0.21166666666666667 0.7058333333333334 0.19 0.045000000000000005
1 0.2758333333333334 0.5908333333333333 0.125 0.028333333333333335
1 0.5116666666666667 0.6816666666666668 0.18333333333333335 0.02
1 0.4966666666666667 0.6316666666666667 0.15333333333333335 0.023333333333333334
1 0.7325 0.6808333333333334 0.21166666666666667 0.028333333333333335
1 0.7533333333333334 0.7425 0.11666666666666667 0.021666666666666667
1 0.465 0.5725 0.11333333333333334 0.021666666666666667
3 0.5750000000000001 0.5525 0.04 0.021666666666666667
