3 0.7741666666666667 0.9425000000000001 0.125 0.115
3 0.8241666666666667 0.8575 0.115 0.05166666666666667
3 0.7175 0.7833333333333334 0.08166666666666667 0.060000000000000005
3 0.5125000000000001 0.9633333333333334 0.11833333333333335 0.07333333333333333
2 0.515 0.6816666666666668 0.07333333333333333 0.14333333333333334
1 0.4441666666666667 0.8316666666666667 0.48500000000000004 0.05666666666666667
1 0.91 0.8725 0.18000000000000002 0.04833333333333334
1 0.6508333333333334 0.7225 0.21833333333333335 0.05166666666666667
1 0.26916666666666667 0.9783333333333334 0.1716666666666667 0.043333333333333335
1 0.455 0.9391666666666667 0.11666666666666667 0.06833333333333334
