0 0.4516666666666667 0.4741666666666667 0.11 0.27166666666666667
3 0.7608333333333334 0.3425 0.06833333333333334 0.03833333333333334
3 0.6141666666666667 0.31583333333333335 0.04833333333333334 0.04166666666666667
1 0.36083333333333334 0.36333333333333334 0.18500000000000003 0.05
1 0.665 0.61 0.33333333333333337 0.060000000000000005
0 0.9683333333333334 0.4658333333333334 0.060000000000000005 0.095
0 0.6583333333333333 0.1675 0.09666666666666668 0.12166666666666667
0 0.5316666666666667 0.26833333333333337 0.043333333333333335 0.08333333333333334
1 0.935 0.29333333333333333 0.13 0.03333333333333333
3 0.8475 0.29833333333333334 0.04166666666666667 0.030000000000000002
1 0.4808333333333334 0.2833333333333333 0.065 0.02
