0 0.42500000000000004 0.56 0.043333333333333335 0.08666666666666667
1 0.9416666666666668 0.7225 0.11 0.058333333333333334
1 0.24000000000000002 0.9400000000000001 0.46 0.08666666666666667
0 0.9416666666666668 0.7225 0.11 0.058333333333333334
1 0.6541666666666667 0.8291666666666667 0.6916666666666668 0.14500000000000002
1 0.8383333333333334 0.6391666666666667 0.32 0.035
1 0.385 0.6141666666666667 0.4666666666666667 0.055
1 0.085 0.6166666666666667 0.15333333333333335 0.03333333333333333
0 0.7183333333333334 0.6950000000000001 0.17333333333333334 0.15666666666666668
0 0.10333333333333335 0.7616666666666667 0.19333333333333336 0.24333333333333335
