0 0.43833333333333335 0.17416666666666666 0.05 0.09166666666666667
0 0.6541666666666667 0.2316666666666667 0.03166666666666667 0.06333333333333334
0 0.39333333333333337 0.5283333333333333 0.1366666666666667 0.49333333333333335
1 0.33666666666666667 0.28500000000000003 0.21333333333333335 0.043333333333333335
1 0.6183333333333334 0.3408333333333334 0.2833333333333333 0.04166666666666667
1 0.8400000000000001 0.2575 0.3166666666666667 0.05166666666666667
1 0.8741666666666668 0.34500000000000003 0.24166666666666667 0.07
1 0.5758333333333334 0.26666666666666666 0.195 0.04666666666666667
1 0.2808333333333333 0.5700000000000001 0.19833333333333333 0.043333333333333335
1 0.7083333333333334 0.6908333333333334 0.5833333333333334 0.14500000000000002
