0 0.3094976667581663 0.7322390984811367 0.04090035684875103 0.07986281234688877
0 0.40378808674169636 0.6065654091131798 0.004940982706560527 0.010779029887310141
0 0.30332143837496567 0.5970112689857913 0.01811693659072193 0.025967662910338068
0 0.35396651111721106 0.6315531602155806 0.00960746637386769 0.028417442430181284
0 0.43247323634367274 0.5957863792258696 0.021685424101015646 0.039196472317491425
0 0.41504254735108426 0.6523762861342479 0.021410925061762284 0.07594316511513964
0 0.4467471863848476 0.8980891719745223 0.08207521273675542 0.14600685938265556
0 0.052429316497392256 0.8238608525232729 0.06587976942080702 0.09358157765801078
0 0.462942629700796 0.6739343459088681 0.017293439472961844 0.04360607545320921
0 0.5995059017293439 0.9529642332190102 0.06478177326379357 0.08133268005879471
0 0.26859730990941527 0.8633023027927487 0.028822399121603073 0.07643312101910828
0 0.1423277518528685 0.7520823125918668 0.07713423003019489 0.08721215090641841
0 0.34367279714521 0.6369426751592356 0.013175953884161404 0.035276825085742286
0 0.4419434531979138 0.7574718275355218 0.035684875102937136 0.13718765311122
