0 0.3237716167993412 0.5717785399314061 0.010705462530881142 0.034296913277805
0 0.25061762283832006 0.8623223909848113 0.11583859456491902 0.18226359627633512
0 0.2974197090310184 0.5291523762861342 0.012901454844908043 0.01567858892699657
0 0.26228383200658795 0.5948064674179324 0.013999451001921492 0.012738853503184714
0 0.2305791929728246 0.6024007839294463 0.014273950041174856 0.011268985791278784
0 0.05586055448805929 0.916217540421362 0.10732912434806477 0.1567858892699657
2 0.19160032939884708 0.6347378735913768 0.0653307713423003 0.056344928956393925
0 0.37318144386494645 0.6050955414012739 0.013999451001921492 0.03233708966193043
0 0.34971177600878395 0.602155805977462 0.007136975020587428 0.041156295933366
0 0.02250892121877573 0.7751102400783929 0.04501784243755146 0.050955414012738856
0 0.3663189678836124 0.6246937775600195 0.007960472138347515 0.027437530622243998
0 0.2046390337633818 0.9752572268495835 0.07493823771616799 0.04360607545320921
0 0.3337908317320889 0.7800097991180793 0.05160581937963217 0.12346888780009799
0 0.3465550370573703 0.5516903478686918 0.00960746637386769 0.013718765311121999
0 0.27216579741970903 0.5698187163155316 0.01894043370848202 0.02253797158255757
0 0.27065605270381554 0.5448309652131308 0.015371946198188305 0.01567858892699657
1 0.29755695855064507 0.541156295933366 0.01482294811968158 0.01224889759921607
0 0.12421081526214657 0.684468397844194 0.07164424924512763 0.058794708476237134
1 0.23579467471863846 0.8557079862812347 0.06258578094976668 0.025967662910338068
0 0.35259401592094425 0.7003919647231749 0.016195443315948393 0.02792748652621264
0 0.3763381828163601 0.6803037726604605 0.024155915454295906 0.05144536991670749
0 0.3521822673620642 0.958843704066634 0.03129289047488334 0.07643312101910828
0 0.3545155091957178 0.6553160215580598 0.010156464452374416 0.028907398334149927
0 0.36206423277518524 0.5661440470357668 0.01976393082624211 0.023027927486526212
2 0.24471589349437275 0.5788829005389515 0.028822399121603073 0.0240078392944635
1 0.3580839967060115 0.8498285154336109 0.06999725500960746 0.016168544830965213
