0 0.33255558605544877 0.6413522782949534 0.07384024155915454 0.10485056344928956
1 0.30908591819928627 0.5962763351298384 0.04611583859456492 0.010779029887310141
0 0.43851221520724676 0.6092601665850074 0.01564644523744167 0.05242528172464478
0 0.3982981059566291 0.6957373836354728 0.021410925061762284 0.08917197452229299
0 0.31292890474883334 0.9475747182753552 0.02964589623936316 0.09897109260166585
0 0.38196541312105403 0.6087702106810386 0.03486137798517705 0.020088192062714356
1 0.4249245127642053 0.6033806957373836 0.05160581937963217 0.007349338559529642
0 0.4264342574800988 0.6479666829985301 0.010705462530881142 0.015188633023027927
0 0.36192698325555855 0.8613424791768741 0.042547351084271205 0.26849583537481625
0 0.16689541586604445 0.7635962763351298 0.3337908317320889 0.33561979421852034
