2 0.3920547945205479 0.6431017612524461 0.01643835616438356 0.026908023483365948
0 0.28739726027397255 0.5804794520547945 0.013150684931506848 0.014187866927592954
0 0.26602739726027397 0.6007827788649707 0.01643835616438356 0.023483365949119372
0 0.3861643835616438 0.560665362035225 0.024383561643835615 0.040117416829745595
2 0.13 0.9156066536203522 0.16301369863013698 0.16291585127201563
1 0.28410958904109584 0.6599804305283757 0.20876712328767122 0.022504892367906065
0 0.3232876712328767 0.6154598825831702 0.011506849315068492 0.022504892367906065
0 0.2332876712328767 0.7632093933463796 0.08356164383561643 0.1350293542074364
0 0.283013698630137 0.637720156555773 0.03287671232876712 0.04354207436399217
0 0.35082191780821914 0.7402152641878669 0.021643835616438355 0.10763209393346379
0 0.3080821917808219 0.6704990215264187 0.01780821917808219 0.031800391389432484
0 0.3021917808219178 0.573385518590998 0.012602739726027396 0.011741682974559686
0 0.22986301369863013 0.6795499021526419 0.010410958904109589 0.029354207436399216
0 0.37616438356164383 0.6824853228962817 0.016986301369863014 0.030332681017612523
