0 0.20409003568487508 0.6491915727584517 0.018391435629975295 0.019598236158745713
0 0.13148503980236068 0.8392944634982852 0.09058468295360965 0.11366976972072514
2 0.3302223442217952 0.587702106810387 0.03458687894592369 0.05732484076433121
0 0.22714795498215753 0.6112199902008819 0.018391435629975295 0.014208721215090642
0 0.05188031841888553 0.9380205781479667 0.07301674444139444 0.09456148946594806
0 0.13985726049958824 0.9475747182753552 0.0381553664562174 0.09897109260166585
2 0.4094153170463903 0.7934835864772171 0.1671699149052978 0.39735423811856935
0 0.20971726598956902 0.8686918177364037 0.09223167718912983 0.082312591866732
0 0.15234696678561624 0.6727094561489466 0.03952786165248422 0.043116119549240564
2 0.24485314301399944 0.6994120529152377 0.1306615426846006 0.19745222929936304
