0 0.4047945205479452 0.5273972602739726 0.003561643835616438 0.007827788649706457
1 0.4083561643835616 0.5393835616438356 0.019999999999999997 0.007338551859099804
0 0.28739726027397255 0.5919765166340508 0.07232876712328766 0.05185909980430528
0 0.4113698630136986 0.5907534246575342 0.008493150684931507 0.028864970645792562
0 0.44643835616438354 0.8087084148727984 0.08520547945205478 0.38062622309197647
0 0.04095890410958904 0.7818003913894325 0.08082191780821918 0.06457925636007827
0 0.41068493150684926 0.5552837573385518 0.004931506849315068 0.00684931506849315
0 0.3965753424657534 0.521771037181996 0.0073972602739726025 0.01223091976516634
0 0.30054794520547945 0.9606164383561643 0.020821917808219178 0.074853228962818
0 0.36 0.5555283757338552 0.013150684931506848 0.018101761252446183
0 0.1552054794520548 0.6903131115459882 0.15041095890410958 0.11839530332681017
