0 0.26520547945205475 0.5843933463796477 0.009863013698630137 0.01614481409001957
1 0.25602739726027396 0.7646771037181995 0.4254794520547945 0.06555772994129158
1 0.26424657534246576 0.6005381604696672 0.0736986301369863 0.031800391389432484
0 0.22342465753424656 0.5961350293542074 0.06931506849315068 0.06702544031311154
0 0.35410958904109585 0.5499021526418786 0.018356164383561642 0.03816046966731898
0 0.3317808219178082 0.5464774951076321 0.006575342465753424 0.03131115459882583
1 0.3313698630136986 0.5870841487279843 0.033150684931506844 0.0273972602739726
0 0.3067123287671233 0.550146771037182 0.0052054794520547945 0.013209393346379647
0 0.37150684931506844 0.5687377690802348 0.00821917808219178 0.011252446183953033
0 0.06917808219178082 0.7318982387475538 0.12246575342465753 0.09882583170254403
0 0.16931506849315067 0.6526418786692759 0.0810958904109589 0.057729941291585124
0 0.3584931506849315 0.6164383561643836 0.01780821917808219 0.07436399217221135
