0 0.4497666758166346 0.5847623713865752 0.024430414493549272 0.04752572268495835
0 0.3654954707658523 0.604360607545321 0.012352456766401317 0.023027927486526212
0 0.4396102113642602 0.8275355218030377 0.020587427944002194 0.24203821656050956
0 0.2810870161954433 0.9713375796178344 0.02250892121877573 0.05046545810877021
0 0.4806478177326379 0.753797158255757 0.043919846280538015 0.1543361097501225
0 0.17526763656327202 0.9149926506614404 0.07823222618720833 0.14453699167074963
0 0.4153170463903376 0.7087212150906418 0.02635190776832281 0.06124448799608035
2 0.1431512489706286 0.759186673199412 0.11062311281910513 0.11121999020088191
0 0.4246500137249519 0.9608035276825085 0.012077957727147953 0.07153356197942184
0 0.5710952511666209 0.854483096521313 0.11172110897611857 0.26359627633512983
0 0.5399396102113643 0.9282214600685939 0.029096898160856435 0.12297893189612935
0 0.48558880043919844 0.6602155805977462 0.008234971177600877 0.02988731014208721
