0 0.3616438356164383 0.6024951076320939 0.026301369863013697 0.09540117416829745
1 0.4115068493150685 0.5968688845401173 0.026301369863013697 0.018590998043052837
0 0.09698630136986301 0.7502446183953033 0.10246575342465752 0.09050880626223091
0 0.4002739726027397 0.5626223091976517 0.019726027397260273 0.019569471624266144
0 0.34534246575342464 0.5525929549902152 0.0210958904109589 0.021037181996086105
0 0.32712328767123283 0.7438845401174168 0.043835616438356165 0.18737769080234834
0 0.10095890410958903 0.7155088062622309 0.053972602739726025 0.041585127201565555
0 0.23424657534246573 0.6201076320939334 0.07999999999999999 0.07583170254403131
0 0.02602739726027397 0.8182485322896281 0.049315068493150684 0.05039138943248532
0 0.4236986301369863 0.6692759295499021 0.02273972602739726 0.043052837573385516
0 0.033150684931506844 0.7473091976516634 0.06630136986301369 0.04452054794520548
0 0.3306849315068493 0.9019080234833659 0.03013698630136986 0.18542074363992173
