0 0.5884931506849315 0.9104696673189824 0.05424657534246575 0.13013698630136986
0 0.5372602739726027 0.8263209393346379 0.021917808219178082 0.043052837573385516
0 0.38630136986301367 0.5538160469667319 0.006575342465753424 0.01761252446183953
0 0.5454794520547945 0.950587084148728 0.03397260273972603 0.09686888454011741
0 0.4610958904109589 0.6893346379647749 0.03616438356164383 0.07632093933463796
1 0.1524657534246575 0.7788649706457925 0.15205479452054793 0.05185909980430528
0 0.3241095890410959 0.8896771037181995 0.05315068493150685 0.21673189823874756
0 0.5543835616438356 0.8204500978473581 0.027123287671232874 0.04598825831702544
0 0.4563013698630137 0.6404109589041096 0.0326027397260274 0.07045009784735812
0 0.5017808219178082 0.8150684931506849 0.057260273972602735 0.16927592954990214
0 0.363972602739726 0.7529354207436398 0.00684931506849315 0.016634050880626222
