0 0.39342465753424655 0.536692759295499 0.020273972602739724 0.022504892367906065
0 0.0932876712328767 0.735812133072407 0.14164383561643834 0.11839530332681017
0 0.19136986301369863 0.6545988258317025 0.05890410958904109 0.050880626223091974
0 0.15794520547945204 0.7661448140900196 0.013972602739726026 0.04794520547945205
0 0.11136986301369863 0.845890410958904 0.07863013698630136 0.11448140900195694
0 0.24315068493150682 0.6061643835616438 0.04465753424657534 0.04598825831702544
1 0.4350684931506849 0.6313600782778864 0.05150684931506849 0.01223091976516634
0 0.036301369863013695 0.9415362035225049 0.07260273972602739 0.07778864970645792
0 0.3310958904109589 0.6037181996086105 0.021643835616438355 0.043052837573385516
0 0.1791780821917808 0.7064579256360077 0.05917808219178082 0.06947162426614481
0 0.23054794520547944 0.6541095890410958 0.040273972602739724 0.049902152641878667
