0 0.21726027397260272 0.7818003913894325 0.05150684931506849 0.09295499021526418
0 0.06561643835616437 0.7419275929549902 0.11150684931506849 0.09931506849315068
0 0.5446575342465753 0.9586594911937377 0.03616438356164383 0.07583170254403131
0 0.2963013698630137 0.5865949119373777 0.011232876712328766 0.0273972602739726
0 0.1147945205479452 0.8860078277886496 0.15123287671232877 0.1888454011741683
0 0.23890410958904107 0.7091487279843444 0.014246575342465753 0.024951076320939333
0 0.3326027397260274 0.5552837573385518 0.003835616438356164 0.023483365949119372
0 0.3204109589041096 0.5961350293542074 0.00958904109589041 0.023972602739726026
0 0.20931506849315068 0.7294520547945205 0.03945205479452055 0.03718199608610567
0 0.16904109589041094 0.7969667318982387 0.05698630136986301 0.07142857142857142
0 0.2913698630136986 0.6095890410958904 0.0052054794520547945 0.016634050880626222
0 0.1578082191780822 0.663894324853229 0.06904109589041095 0.06360078277886497
0 0.30383561643835616 0.6171722113502935 0.005479452054794521 0.02201565557729941
0 0.27821917808219176 0.6751467710371819 0.05890410958904109 0.08806262230919765
0 0.31150684931506845 0.5905088062622309 0.003835616438356164 0.010763209393346379
0 0.2832876712328767 0.6181506849315068 0.014246575342465753 0.031800391389432484
2 0.23452054794520547 0.6083659491193737 0.04876712328767123 0.04256360078277886
1 0.586986301369863 0.9637964774951076 0.05780821917808219 0.030332681017612523
0 0.3046575342465753 0.5829256360078278 0.0027397260273972603 0.011252446183953033
0 0.26479452054794517 0.5804794520547945 0.013424657534246574 0.010273972602739725
