0 0.07315399396102112 0.8525232729054385 0.041998353005764474 0.04899559039686428
0 0.534861377985177 0.814796668299853 0.0315673895141367 0.08329250367466928
1 0.44002195992314025 0.7508574228319451 0.1482294811968158 0.05536501714845664
0 0.020312928904748832 0.9191572758451739 0.03513587702443041 0.041156295933366
1 0.47653033214383744 0.8640372366487016 0.16415042547351083 0.05536501714845664
0 0.19558056546802086 0.7300342969132778 0.02223442217952237 0.028417442430181284
1 0.36522097172659895 0.649436550710436 0.20724677463628877 0.015188633023027927
0 0.3715344496294263 0.6565409113179814 0.027175404886082898 0.13326800587947085
0 0.4256107603623387 0.6210191082802548 0.028822399121603073 0.03282704556589907
0 0.25569585506450726 0.6565409113179814 0.04803733186933845 0.058794708476237134
0 0.15564095525665658 0.7626163645271925 0.014273950041174856 0.044585987261146494
1 0.2583035959374142 0.7165605095541401 0.2003842986549547 0.0171484566389025
0 0.4923140269009058 0.710436060754532 0.024430414493549272 0.07251347378735913
0 0.11405435080977215 0.8192062714355708 0.03046939335712325 0.04507594316511514
1 0.2399121603074389 0.8172464478196962 0.165797419709031 0.057814796668299855
