1 0.26602739726027397 0.8356164383561644 0.5298630136986301 0.03424657534246575
0 0.40698630136986297 0.5998043052837573 0.0073972602739726025 0.010763209393346379
0 0.13232876712328767 0.9288160469667318 0.08602739726027396 0.13649706457925637
2 0.5241095890410958 0.7783757338551859 0.05698630136986301 0.10176125244618395
0 0.4187671232876712 0.598825831702544 0.004657534246575342 0.007827788649706457
0 0.3946575342465753 0.5865949119373777 0.008493150684931507 0.008806262230919765
0 0.4002739726027397 0.5391389432485323 0.010410958904109589 0.01761252446183953
2 0.5573972602739725 0.875 0.04191780821917808 0.09344422700587084
0 0.3957534246575342 0.5973581213307241 0.00684931506849315 0.008806262230919765
0 0.46150684931506847 0.6785714285714285 0.015616438356164383 0.0136986301369863
0 0.4047945205479452 0.5728962818003913 0.00684931506849315 0.015655577299412915
