0 0.03650837222069722 0.8794708476237139 0.0631347790282734 0.06859382655561
1 0.3542410101564644 0.6161195492405683 0.027724402964589622 0.007349338559529642
0 0.21891298380455668 0.6665850073493386 0.07548723579467471 0.07790298873101421
0 0.3823771616799341 0.5808427241548261 0.015371946198188305 0.05438510534051935
0 0.40543508097721653 0.8324350808427241 0.010430963491627778 0.043116119549240564
1 0.39363162228932197 0.6670749632533072 0.034037880867416964 0.01224889759921607
1 0.3414768048311831 0.6393924546790789 0.055448805929179244 0.012738853503184714
1 0.16497392259127092 0.7518373346398824 0.15207246774636288 0.060264576188143064
1 0.3617897337359319 0.7261146496815286 0.10211364260225088 0.03135717785399314
0 0.3722206972275597 0.6604605585497305 0.009881965413121054 0.016658500734933857
0 0.356574251990118 0.5492405683488486 0.01811693659072193 0.03135717785399314
0 0.26887180894866863 0.6222439980401764 0.011254460609387866 0.02645761881430671
1 0.3075761734833928 0.6976972072513473 0.11721108976118583 0.054875061244487995
0 0.3726324457864397 0.6205291523762861 0.007960472138347515 0.03478686918177364
0 0.12434806478177325 0.7143557079862812 0.055448805929179244 0.048015678588927
1 0.43178698874553934 0.6621754042136208 0.027998902003842984 0.006369426751592357
0 0.30908591819928627 0.5788829005389515 0.048860828987098544 0.06712395884370406
1 0.3932198737304419 0.6430671239588437 0.0337633818281636 0.014208721215090642
0 0.42231677189129835 0.6033806957373836 0.012352456766401317 0.05536501714845664
0 0.040625857809497665 0.7770700636942675 0.08015371946198188 0.06271435570798628
0 0.41435629975295085 0.6795688388045076 0.006862475981334065 0.06565409113179814
