0 0.36673071644249244 0.6119549240568348 0.054350809772165797 0.04703576678098971
1 0.26365632720285476 0.6178343949044586 0.032116387592643424 0.007839294463498285
0 0.050645072742245396 0.773640372366487 0.09744715893494373 0.082312591866732
0 0.1335437825967609 0.6925526702596766 0.07054625308811419 0.06712395884370406
0 0.29563546527587153 0.5943165115139637 0.02635190776832281 0.08623223909848113
1 0.28287125995059015 0.685203331700147 0.20065879769420805 0.014208721215090642
1 0.4261597584408454 0.8182263596276335 0.08262421081526214 0.012738853503184714
1 0.23167718912983803 0.6540911317981382 0.11968158111446608 0.009799118079372856
1 0.3421630524293165 0.9703576678098971 0.43508097721657973 0.05046545810877021
1 0.09291792478726324 0.8150416462518373 0.16771891298380454 0.0171484566389025
0 0.3550645072742245 0.7748652621264086 0.050233324183365353 0.03968642822146007
