1 0.020915841584158417 0.8737100737100737 0.04133663366336634 0.0285012285012285
1 0.2243811881188119 0.6083538083538084 0.07202970297029702 0.005896805896805897
1 0.363490099009901 0.7828009828009828 0.05717821782178218 0.019656019656019656
0 0.3461633663366337 0.6673218673218673 0.009158415841584158 0.012776412776412775
1 0.3118811881188119 0.6361179361179361 0.07673267326732673 0.01425061425061425
0 0.3738861386138614 0.8874692874692874 0.06064356435643564 0.2113022113022113
1 0.07673267326732673 0.6874692874692875 0.027722772277227723 0.011793611793611793
1 0.30457920792079207 0.5985257985257985 0.03787128712871287 0.007862407862407862
1 0.2426980198019802 0.9216216216216216 0.18737623762376238 0.036855036855036855
0 0.34801980198019805 0.5341523341523341 0.0029702970297029703 0.019656019656019656
0 0.04294554455445545 0.701965601965602 0.0858910891089109 0.08206388206388206
0 0.32363861386138615 0.6066339066339066 0.004207920792079208 0.026044226044226043
0 0.1696782178217822 0.5953316953316953 0.06361386138613861 0.04373464373464373
0 0.3844059405940594 0.6373464373464374 0.050990099009900994 0.11695331695331695
0 0.35346534653465345 0.5695331695331696 0.006930693069306931 0.0343980343980344
1 0.14443069306930692 0.6769041769041769 0.07103960396039605 0.012285012285012284
