0 0.39643835616438355 0.598825831702544 0.014246575342465753 0.0547945205479452
0 0.36260273972602736 0.8644814090019569 0.04410958904109589 0.18003913894324852
0 0.4528767123287671 0.6117906066536203 0.007671232876712328 0.0337573385518591
0 0.41191780821917806 0.5724070450097847 0.016712328767123287 0.060665362035225046
0 0.17616438356164382 0.9143835616438356 0.06356164383561644 0.10665362035225048
0 0.403013698630137 0.7282289628180039 0.036712328767123284 0.16682974559686886
0 0.4716438356164383 0.6340508806262231 0.01506849315068493 0.043052837573385516
0 0.4287671232876712 0.6908023483365948 0.013150684931506848 0.018590998043052837
0 0.3293150684931507 0.6223091976516634 0.03616438356164383 0.05577299412915851
0 0.26301369863013696 0.7404598825831702 0.0558904109589041 0.09246575342465753
1 0.30794520547945203 0.9750489236790606 0.06301369863013698 0.04598825831702544
0 0.3258904109589041 0.7607632093933463 0.02273972602739726 0.0410958904109589
0 0.37452054794520545 0.6259784735812133 0.025753424657534246 0.04354207436399217
0 0.44999999999999996 0.8842954990215264 0.02054794520547945 0.17172211350293543
0 0.34712328767123285 0.6749021526418786 0.022465753424657533 0.07876712328767123
0 0.47232876712328764 0.7974559686888454 0.01917808219178082 0.03718199608610567
0 0.5808219178082191 0.8774461839530332 0.06630136986301369 0.16193737769080235
0 0.33328767123287667 0.8493150684931506 0.01506849315068493 0.025440313111545987
