1 0.19434531979138073 0.8049975502204801 0.050507823222618715 0.018618324350808426
0 0.28067526763656325 0.7390984811366977 0.046939335712325 0.08672219500244978
0 0.14479824320614876 0.9098481136697697 0.07054625308811419 0.13228809407153355
0 0.22961844633543782 0.8280254777070064 0.06286027998902004 0.0950514453699167
0 0.32555586055448804 0.5820676139147477 0.03184188855339006 0.021558059774620282
0 0.15632720285479 0.8123468887800098 0.04748833379083173 0.058794708476237134
0 0.07246774636288772 0.7966682998530132 0.052154817458138894 0.05389514943655071
1 0.40227834202580287 0.7520823125918668 0.2610485863299478 0.05683488486036257
2 0.18967883612407355 0.6957373836354728 0.18007136975020585 0.17148456638902498
0 0.20230579192972822 0.9358157765801077 0.052154817458138894 0.1224889759921607
0 0.02333241833653582 0.8236158745712886 0.04117485588800439 0.041156295933366
0 0.4013175953884161 0.5928466438020578 0.025802909689816085 0.034296913277805
