0 0.47041095890410956 0.8082191780821917 0.012054794520547944 0.08512720156555773
0 0.015479452054794519 0.8931017612524461 0.030958904109589038 0.028864970645792562
0 0.42767123287671227 0.9112035225048923 0.02136986301369863 0.17367906066536204
0 0.45369863013698625 0.9141389432485323 0.019726027397260273 0.09735812133072407
0 0.40493150684931506 0.8270547945205479 0.023561643835616437 0.06409001956947162
2 0.4117808219178082 0.6125244618395302 0.04054794520547945 0.11937377690802348
0 0.3457534246575342 0.6947162426614482 0.09205479452054793 0.08512720156555773
0 0.09712328767123286 0.8216731898238747 0.12575342465753422 0.13258317025440314
0 0.40739726027397255 0.7441291585127201 0.0421917808219178 0.10567514677103718
0 0.11246575342465753 0.9503424657534246 0.0610958904109589 0.09735812133072407
0 0.2556164383561644 0.8649706457925636 0.09369863013698629 0.2592954990215264
0 0.42575342465753424 0.7326320939334637 0.029041095890410956 0.12279843444227005
