0 0.41602739726027393 0.8906555772994129 0.02821917808219178 0.21477495107632094
0 0.25945205479452055 0.7781311154598826 0.013150684931506848 0.017123287671232876
0 0.510958904109589 0.9160958904109588 0.017534246575342465 0.04941291585127201
0 0.12082191780821917 0.7424168297455969 0.10356164383561643 0.08659491193737769
1 0.2672602739726027 0.7874266144814089 0.527945205479452 0.02201565557729941
0 0.4161643835616438 0.5420743639921721 0.009315068493150684 0.018590998043052837
0 0.0658904109589041 0.8598336594911937 0.1317808219178082 0.1453033268101761
0 0.2313698630136986 0.6536203522504892 0.11589041095890411 0.08904109589041095
0 0.40890410958904105 0.660958904109589 0.02602739726027397 0.07436399217221135
0 0.3321917808219178 0.6575342465753424 0.00684931506849315 0.019569471624266144
0 0.3017808219178082 0.7311643835616438 0.024931506849315065 0.08072407045009784
0 0.3632876712328767 0.8774461839530332 0.010958904109589041 0.03277886497064579
0 0.32712328767123283 0.5834148727984344 0.006027397260273972 0.015166340508806261
0 0.30712328767123287 0.6039628180039138 0.014246575342465753 0.01614481409001957
