1 0.4063013698630137 0.6223091976516634 0.04328767123287671 0.023483365949119372
0 0.4113698630136986 0.8957925636007827 0.03534246575342465 0.20841487279843443
0 0.18383561643835616 0.8275440313111545 0.07671232876712328 0.11888454011741682
0 0.38013698630136983 0.7140410958904109 0.02821917808219178 0.1453033268101761
0 0.3773972602739726 0.572651663405088 0.016712328767123287 0.03669275929549902
0 0.5663013698630136 0.8583659491193737 0.10575342465753423 0.19227005870841485
0 0.30643835616438353 0.6428571428571428 0.0463013698630137 0.07436399217221135
0 0.22013698630136985 0.687866927592955 0.13999999999999999 0.16536203522504891
1 0.34739726027397255 0.7558708414872798 0.05205479452054794 0.021526418786692758
1 0.22657534246575342 0.6538649706457925 0.02958904109589041 0.004403131115459882
0 0.29931506849315065 0.712573385518591 0.018356164383561642 0.038649706457925634
0 0.47068493150684926 0.6788160469667318 0.029041095890410956 0.03669275929549902
0 0.37123287671232874 0.62573385518591 0.022465753424657533 0.02837573385518591
0 0.4083561643835616 0.5826810176125244 0.012328767123287671 0.043052837573385516
0 0.43616438356164383 0.733610567514677 0.010958904109589041 0.07778864970645792
0 0.08726027397260273 0.8094422700587084 0.1695890410958904 0.16878669275929548
1 0.1843835616438356 0.6956947162426614 0.05205479452054794 0.03131115459882583
1 0.43465753424657533 0.6536203522504892 0.03972602739726027 0.011741682974559686
0 0.39520547945205475 0.6090998043052838 0.012876712328767123 0.03131115459882583
0 0.28671232876712327 0.8603228962818004 0.10712328767123287 0.2783757338551859
1 0.4110958904109589 0.6465264187866927 0.0336986301369863 0.015166340508806261
0 0.016712328767123287 0.899706457925636 0.033424657534246574 0.03718199608610567
0 0.41232876712328764 0.7458414872798435 0.011506849315068492 0.02201565557729941
0 0.4163013698630137 0.636252446183953 0.007945205479452055 0.014187866927592954
1 0.320958904109589 0.636986301369863 0.10986301369863014 0.0136986301369863
0 0.4441095890410959 0.9493639921722113 0.01917808219178082 0.09050880626223091
0 0.42904109589041095 0.8079745596868884 0.023013698630136983 0.11007827788649706
