0 0.4986301369863013 0.6810176125244618 0.033424657534246574 0.06457925636007827
0 0.4353424657534246 0.908757338551859 0.010410958904109589 0.05626223091976516
0 0.4352054794520548 0.8023483365949119 0.024931506849315065 0.07240704500978473
0 0.29602739726027394 0.7243150684931506 0.011780821917808219 0.020058708414872797
3 0.21561643835616437 0.8258317025440313 0.025753424657534246 0.046966731898238745
0 0.41082191780821914 0.6839530332681018 0.024931506849315065 0.0821917808219178
0 0.41068493150684926 0.7536692759295499 0.010958904109589041 0.048434442270058706
1 0.5041095890410958 0.7272504892367906 0.08547945205479451 0.014187866927592954
1 0.08397260273972602 0.8439334637964775 0.07753424657534246 0.022504892367906065
1 0.4402739726027397 0.7377690802348336 0.039999999999999994 0.04403131115459882
1 0.23164383561643834 0.6509295499021526 0.22054794520547943 0.07778864970645792
0 0.15424657534246575 0.9261252446183953 0.07506849315068492 0.13013698630136986
0 0.3580821917808219 0.6056751467710372 0.03506849315068493 0.01761252446183953
2 0.39712328767123284 0.5865949119373777 0.05890410958904109 0.11252446183953033
0 0.41191780821917806 0.8016144814090019 0.013424657534246574 0.024951076320939333
