0 0.13409278067526761 0.9480646741793238 0.04858632994784518 0.10191082802547771
0 0.37743617897337356 0.5975012248897599 0.01372495196266813 0.04360607545320921
0 0.38814164150425473 0.6886330230279275 0.020312928904748832 0.049485546300832926
0 0.39747460883886904 0.7687408133268006 0.01921493274773538 0.082312591866732
0 0.27793027724402963 0.8373346398824105 0.12050507823222618 0.32533072023517884
0 0.48105956629151797 0.8581577658010779 0.11391710129014547 0.2778049975502205
0 0.38182816360142735 0.903233708966193 0.030194894317869887 0.19353258206761392
0 0.31210540763107325 0.5688388045075943 0.016469942355201755 0.02645761881430671
0 0.4453746911885808 0.6621754042136208 0.012352456766401317 0.024987751102400785
0 0.3545155091957178 0.7403233708966193 0.032116387592643424 0.11268985791278785
0 0.4269832555586055 0.6744243018128369 0.015097447158934943 0.07790298873101421
0 0.34531979138073016 0.6168544830965214 0.03513587702443041 0.11954924056834884
0 0.4036508372220697 0.61734443900049 0.02003842986549547 0.054875061244487995
