0 0.19091408180071368 0.656295933365997 0.013450452923414766 0.03674669279764821
0 0.36741696404062585 0.7280744732974033 0.01564644523744167 0.0881920627143557
1 0.26585231951688165 0.7011268985791279 0.21767773812791655 0.05291523762861342
0 0.23895141367005213 0.6864282214600685 0.014548449080428218 0.018618324350808426
0 0.34367279714521 0.6697697207251347 0.006038978863573977 0.009799118079372856
0 0.49560801537194615 0.8787359137677608 0.08482020312928903 0.23370896619304263
0 0.2625583310458413 0.883390494855463 0.10732912434806477 0.233219010289074
0 0.19901180345868788 0.6264086232239099 0.010979961570134504 0.023027927486526212
0 0.22330496843261047 0.6859382655560999 0.005764479824320615 0.016658500734933857
0 0.3229481196815811 0.6621754042136208 0.013999451001921492 0.011268985791278784
