0 0.15646445237441667 0.7322390984811367 0.08180071369750205 0.07986281234688877
0 0.419022783420258 0.6391474767270946 0.012352456766401317 0.05242528172464478
0 0.42286576996980507 0.5401763841254287 0.017293439472961844 0.011268985791278784
1 0.4946472687345594 0.8103870651641352 0.05654680208619269 0.029397354238118567
1 0.41161130936041723 0.5666340029397354 0.046939335712325 0.0102890739833415
0 0.18062036782871257 0.8123468887800098 0.10595662915179796 0.15286624203821655
1 0.42670875651935214 0.814796668299853 0.08921218775734284 0.11170994610485056
0 0.3805929179247872 0.5781479666829985 0.01564644523744167 0.019598236158745713
1 0.07795772714795497 0.8042626163645272 0.1504254735108427 0.05536501714845664
1 0.39363162228932197 0.9265066144047036 0.13560252539116113 0.14110730034296914
0 0.3252813615152347 0.9127878490935816 0.035684875102937136 0.048015678588927
0 0.2891847378534175 0.8162665360117589 0.1298380455668405 0.36158745712885837
0 0.3309085918199286 0.6202841744243018 0.08482020312928903 0.08035276825085742
