0 0.4816085643700247 0.6327780499755022 0.0381553664562174 0.03968642822146007
0 0.49711776008783964 0.602890739833415 0.010979961570134504 0.02792748652621264
1 0.3564370024704913 0.6095051445369917 0.1320340378808674 0.017638412542871143
0 0.4806478177326379 0.6004409603135717 0.021410925061762284 0.03576678098971092
0 0.5230579192972824 0.6281234688878001 0.022783420258029097 0.07251347378735913
0 0.5247049135328026 0.560999510044096 0.017842437551468568 0.029397354238118567
0 0.5492725775459786 0.9196472317491425 0.05270381553664562 0.14698677119059284
1 0.30634092780675265 0.6232239098481137 0.11968158111446608 0.02449779519843214
0 0.27202854790008235 0.6278784909358157 0.021959923140269007 0.0240078392944635
0 0.5384298654954707 0.5237628613424792 0.013450452923414766 0.011758941695247428
0 0.5343123799066702 0.5382165605095541 0.007960472138347515 0.009309162175404213
