2 0.06246575342465753 0.9508317025440313 0.11780821917808218 0.05821917808219178
1 0.4627397260273972 0.7487769080234833 0.0547945205479452 0.014187866927592954
2 0.06 0.7969667318982387 0.08383561643835616 0.06947162426614481
3 0.4794520547945205 0.9586594911937377 0.033424657534246574 0.048434442270058706
3 0.04246575342465753 0.8737769080234833 0.0789041095890411 0.09001956947162426
0 0.4291780821917808 0.7411937377690802 0.015616438356164383 0.03522504892367906
2 0.25123287671232875 0.6470156555772993 0.10410958904109588 0.09833659491193737
2 0.17945205479452053 0.7588062622309197 0.15671232876712327 0.14677103718199608
0 0.41424657534246573 0.6607142857142857 0.024109589041095888 0.07974559686888454
2 0.13945205479452052 0.8872309197651663 0.11342465753424656 0.11399217221135029
