0 0.4010958904109589 0.7869373776908023 0.018082191780821915 0.06996086105675146
0 0.17260273972602738 0.9180528375733855 0.07726027397260274 0.13356164383561642
0 0.2891780821917808 0.7372798434442269 0.09123287671232876 0.07632093933463796
0 0.42301369863013694 0.6286692759295499 0.049315068493150684 0.0684931506849315
1 0.42561643835616436 0.8588551859099803 0.19753424657534246 0.026908023483365948
0 0.40698630136986297 0.7042563600782779 0.018356164383561642 0.048434442270058706
0 0.3102739726027397 0.5697162426614482 0.01506849315068493 0.007338551859099804
0 0.35561643835616435 0.659491193737769 0.026301369863013697 0.030332681017612523
0 0.4401369863013698 0.8916340508806262 0.0336986301369863 0.20401174168297453
0 0.3587671232876712 0.7174657534246575 0.01780821917808219 0.031800391389432484
0 0.38630136986301367 0.5900195694716243 0.007671232876712328 0.014677103718199608
