2 0.4060273972602739 0.5616438356164384 0.03013698630136986 0.0684931506849315
0 0.2824657534246575 0.6514187866927592 0.0558904109589041 0.08561643835616438
0 0.40356164383561643 0.8874755381604696 0.021917808219178082 0.2181996086105675
0 0.4272602739726027 0.8297455968688845 0.034794520547945205 0.3405088062622309
0 0.37260273972602737 0.822651663405088 0.03178082191780822 0.35469667318982384
0 0.14232876712328765 0.9657534246575342 0.03534246575342465 0.06262230919765166
0 0.3254794520547945 0.6012720156555773 0.016986301369863014 0.029354207436399216
0 0.486986301369863 0.9393346379647749 0.022191780821917806 0.05185909980430528
0 0.4147945205479452 0.6286692759295499 0.023561643835616437 0.06164383561643835
2 0.3313698630136986 0.5643346379647749 0.041369863013698625 0.034735812133072405
0 0.3893150684931507 0.6205968688845401 0.015342465753424656 0.052348336594911934
0 0.23369863013698627 0.7345890410958904 0.026301369863013697 0.05626223091976516
0 0.16657534246575342 0.8422211350293541 0.07616438356164383 0.16193737769080235
0 0.32986301369863014 0.5836594911937377 0.10904109589041096 0.021526418786692758
