0 0.10252539116113094 0.7692307692307692 0.021136426022508918 0.04409603135717785
0 0.39802360691737576 0.6972072513473787 0.01482294811968158 0.06467417932386085
0 0.4352182267362064 0.9127878490935816 0.011803458687894591 0.05585497305242528
0 0.4197090310183914 0.6952474277315042 0.02305791929728246 0.09995100440960314
0 0.39006313477902826 0.5928466438020578 0.004940982706560527 0.025477707006369428
0 0.38608289870985446 0.6080352768250857 0.011803458687894591 0.02645761881430671
0 0.4589623936316223 0.9639882410583047 0.020861926983255556 0.0583047525722685
0 0.40653307713423 0.5477707006369427 0.004940982706560527 0.012738853503184714
0 0.3933571232500686 0.8691817736403723 0.025802909689816085 0.25575698187163154
0 0.40186659346692283 0.5269475747182754 0.0043919846280538015 0.01224889759921607
0 0.3977491078781224 0.555609995100441 0.008783969256107603 0.03331700146986771
1 0.41380730167444413 0.6229789318961293 0.014548449080428218 0.01224889759921607
0 0.14960197639308262 0.7133757961783439 0.010979961570134504 0.023517883390494855
0 0.013999451001921492 0.8650171484566389 0.026900905846829533 0.04360607545320921
0 0.41421905023332417 0.5781479666829985 0.013175953884161404 0.03723664870161685
