0 0.2913698630136986 0.6577788649706457 0.07753424657534246 0.1453033268101761
0 0.4657534246575342 0.9750489236790606 0.020273972602739724 0.04794520547945205
0 0.08589041095890411 0.8138454011741683 0.1706849315068493 0.1149706457925636
0 0.44863013698630133 0.6812622309197651 0.008493150684931507 0.02592954990215264
0 0.40876712328767123 0.5477005870841487 0.004931506849315068 0.02592954990215264
0 0.49232876712328766 0.8571428571428571 0.08273972602739725 0.2857142857142857
0 0.4384931506849315 0.9055772994129158 0.026575342465753424 0.15264187866927592
1 0.2847945205479452 0.7722602739726027 0.11424657534246574 0.08072407045009784
0 0.3972602739726027 0.5459882583170255 0.004383561643835616 0.022504892367906065
0 0.126986301369863 0.9545009784735812 0.04958904109589041 0.0821917808219178
2 0.40410958904109584 0.5134540117416829 0.014794520547945205 0.0474559686888454
0 0.3591780821917808 0.5369373776908023 0.012054794520547944 0.034735812133072405
0 0.41602739726027393 0.5856164383561644 0.013424657534246574 0.053816046966731895
0 0.42821917808219173 0.6563111545988258 0.050410958904109585 0.12573385518590996
