0 0.2620093329673346 0.6210191082802548 0.07493823771616799 0.08868201861832435
0 0.20354103760636835 0.6420872121509064 0.13093604172385395 0.1190592846643802
0 0.25569585506450726 0.7033317001469868 0.08207521273675542 0.10436060754532092
0 0.39939610211364257 0.6337579617834395 0.02854790008234971 0.23174914257716805
0 0.3374965687620093 0.6070553650171484 0.05846829536096623 0.14698677119059284
0 0.4293164973922591 0.8275355218030377 0.040625857809497665 0.04899559039686428
0 0.3166346417787538 0.5634492895639392 0.026077408729069447 0.041156295933366
0 0.4829810595662915 0.7586967172954434 0.06944825693110074 0.18275355218030376
0 0.11062311281910513 0.753797158255757 0.2113642602250892 0.20333170014698676
2 0.2208344770793302 0.8527682508574228 0.1797968707109525 0.29250367466927973
0 0.5483118309085918 0.9500244977951984 0.038704364534724124 0.09407153356197942
