0 0.21465753424657533 0.7602739726027397 0.05780821917808219 0.0821917808219178
0 0.31630136986301366 0.6768590998043053 0.017260273972602738 0.0337573385518591
0 0.4063013698630137 0.6727005870841487 0.018082191780821915 0.04207436399217221
0 0.3691780821917808 0.6687866927592955 0.012328767123287671 0.03522504892367906
0 0.3232876712328767 0.5885518590998042 0.05753424657534246 0.10176125244618395
0 0.297945205479452 0.6599804305283757 0.026575342465753424 0.03816046966731898
0 0.12342465753424657 0.9077788649706457 0.11972602739726027 0.16878669275929548
1 0.25232876712328767 0.7020547945205479 0.2854794520547945 0.02446183953033268
0 0.36904109589041095 0.5298434442270058 0.003287671232876712 0.007827788649706457
2 0.40342465753424656 0.8422211350293541 0.08684931506849314 0.3096868884540117
0 0.3873972602739726 0.6240215264187866 0.019726027397260273 0.09050880626223091
