2 0.3791780821917808 0.8627690802348336 0.12164383561643835 0.2705479452054794
0 0.10561643835616438 0.9204990215264187 0.09835616438356164 0.1570450097847358
0 0.3289041095890411 0.560665362035225 0.0073972602739726025 0.014677103718199608
1 0.1732876712328767 0.7546477495107632 0.10219178082191781 0.048434442270058706
1 0.2831506849315068 0.6986301369863013 0.3668493150684931 0.0273972602739726
0 0.39520547945205475 0.5998043052837573 0.019452054794520546 0.01761252446183953
1 0.3998630136986301 0.6396771037181995 0.08191780821917807 0.009295499021526418
0 0.3016438356164383 0.8938356164383561 0.032328767123287666 0.11448140900195694
0 0.41712328767123286 0.6484833659491194 0.016164383561643833 0.05626223091976516
0 0.3580821917808219 0.5750978473581213 0.008767123287671232 0.015166340508806261
1 0.280958904109589 0.6252446183953033 0.19041095890410958 0.016634050880626222
0 0.29410958904109585 0.7818003913894325 0.0473972602739726 0.11154598825831702
1 0.35191780821917806 0.6592465753424657 0.0326027397260274 0.018101761252446183
1 0.46890410958904105 0.8109099804305283 0.08465753424657534 0.020058708414872797
0 0.37 0.5565068493150684 0.0073972602739726025 0.031800391389432484
