0 0.3276712328767123 0.6240215264187866 0.03287671232876712 0.074853228962818
0 0.04698630136986301 0.8625244618395302 0.09397260273972602 0.10665362035225048
0 0.297945205479452 0.7040117416829745 0.038082191780821915 0.0821917808219178
0 0.21369863013698628 0.6724559686888454 0.04547945205479452 0.05039138943248532
1 0.3347945205479452 0.7639432485322896 0.393972602739726 0.0337573385518591
1 0.12493150684931506 0.6971624266144814 0.13205479452054794 0.010763209393346379
0 0.2687671232876712 0.6012720156555773 0.06630136986301369 0.09001956947162426
0 0.15726027397260273 0.6545988258317025 0.04273972602739726 0.04207436399217221
1 0.27671232876712326 0.7079256360078278 0.16986301369863013 0.026418786692759294
0 0.14205479452054792 0.7541585127201565 0.09780821917808219 0.11301369863013698
1 0.07082191780821917 0.7429060665362035 0.14164383561643834 0.02201565557729941
