3 0.30630136986301365 0.6572896281800391 0.023561643835616437 0.02299412915851272
0 0.3865753424657534 0.9552348336594911 0.020821917808219178 0.07583170254403131
0 0.24123287671232874 0.7918297455968688 0.08465753424657534 0.16193737769080235
0 0.37082191780821916 0.5978473581213307 0.012876712328767123 0.043052837573385516
1 0.27890410958904105 0.6431017612524461 0.1715068493150685 0.011252446183953033
0 0.4078082191780822 0.7475538160469667 0.01506849315068493 0.029354207436399216
2 0.42273972602739723 0.6460371819960861 0.03835616438356164 0.06800391389432485
3 0.32780821917808217 0.6073874755381604 0.01780821917808219 0.03277886497064579
0 0.2343835616438356 0.8994618395303327 0.015616438356164383 0.08463796477495107
0 0.4450684931506849 0.8356164383561644 0.06328767123287671 0.01761252446183953
0 0.3991780821917808 0.8532289628180039 0.023561643835616437 0.09784735812133072
0 0.283013698630137 0.7915851272015655 0.06027397260273972 0.16144814090019569
