0 0.37972602739726025 0.8341487279843444 0.025753424657534246 0.023483365949119372
0 0.4283561643835616 0.6440802348336595 0.011232876712328766 0.030821917808219176
0 0.4063013698630137 0.9655088062622309 0.03397260273972603 0.062133072407045006
0 0.3923287671232876 0.8921232876712328 0.04273972602739726 0.07876712328767123
0 0.3446575342465753 0.7744618395303327 0.016986301369863014 0.08806262230919765
2 0.3850684931506849 0.7071917808219178 0.06383561643835615 0.22945205479452052
0 0.37794520547945204 0.9645303326810175 0.021643835616438355 0.06409001956947162
0 0.16945205479452052 0.8527397260273972 0.173972602739726 0.28864970645792565
0 0.2845205479452055 0.6621819960861056 0.06 0.09735812133072407
0 0.330958904109589 0.9048434442270058 0.052602739726027394 0.17759295499021527
0 0.4473972602739726 0.9048434442270058 0.02958904109589041 0.186399217221135
