0 0.6388965138622015 0.965703086722195 0.042547351084271205 0.06663400293973543
0 0.2031292890474883 0.9448799608035277 0.058742794400219595 0.11024007839294463
0 0.14191600329398846 0.7432631063204311 0.027998902003842984 0.039196472317491425
0 0.4276695031567389 0.8549730524252817 0.03074389239637661 0.288094071533562
0 0.3073016744441394 0.9287114159725625 0.034312379906670326 0.13767760901518863
0 0.5422728520450179 0.780499755022048 0.08262421081526214 0.19304262616364526
0 0.331594839418062 0.7851543361097502 0.014273950041174856 0.0583047525722685
0 0.2945374691188581 0.8086722195002449 0.020312928904748832 0.053405193532582065
0 0.5009607466373868 0.8108770210681039 0.02964589623936316 0.05683488486036257
0 0.4817458138896514 0.9250367466927977 0.04776283283008509 0.144047035766781
0 0.0638210266264068 0.8236158745712886 0.1232500686247598 0.13718765311122
