0 0.4603348888278891 0.7939735423811857 0.04831183090859181 0.09162175404213621
0 0.19475706835026077 0.8253307202351788 0.23744166895415864 0.33268005879470847
1 0.40035684875102934 0.875061244487996 0.21657974197090307 0.043116119549240564
0 0.39363162228932197 0.6016658500734934 0.024155915454295906 0.04703576678098971
0 0.5457040900356849 0.910093091621754 0.055448805929179244 0.1798138167564919
0 0.05448805929179248 0.8037726604605585 0.10897611858358495 0.04850563449289564
0 0.2194619818830634 0.7072513473787359 0.20999176502882239 0.1954924056834885
0 0.3891023881416415 0.8363547280744733 0.023881416415042545 0.08525232729054386
0 0.43933571232500684 0.677609015188633 0.03266538567115015 0.21558059774620283
0 0.4806478177326379 0.9196472317491425 0.027998902003842984 0.15972562469377755
0 0.13601427395004118 0.711905928466438 0.07329124348064782 0.07055365017148457
