0 0.271754048860829 0.5916217540421362 0.05105682130112544 0.04556589906908378
0 0.2003842986549547 0.6550710436060755 0.06917375789184738 0.07937285644292014
2 0.4091408180071369 0.809407153356198 0.07219324732363436 0.3753062224399804
0 0.3086741696404062 0.6168544830965214 0.011803458687894591 0.023517883390494855
0 0.2510293713972001 0.6273885350318471 0.015097447158934943 0.026947574718275354
1 0.3214383749656876 0.5913767760901518 0.016469942355201755 0.010779029887310141
0 0.34257480098819654 0.6063204311611955 0.02305791929728246 0.06124448799608035
0 0.19269832555586053 0.9157275845173934 0.06423277518528685 0.15286624203821655
0 0.25363711227010705 0.8015678588926997 0.04940982706560527 0.09701126898579128
0 0.3003019489431787 0.6979421852033317 0.04611583859456492 0.11513963743263106
0 0.08331045841339554 0.7780499755022048 0.16497392259127092 0.1695247427731504
0 0.1342300301948943 0.8642822146006859 0.16744441394455117 0.26359627633512983
