0 0.11721108976118583 0.8351298383145517 0.23387318144386493 0.19157275845173935
1 0.2311281910513313 0.8199412052915237 0.1679934120230579 0.033806957373836356
0 0.40612132857534994 0.6237138657520823 0.028273401043096346 0.07055365017148457
1 0.2436178973373593 0.8814306712395884 0.4872357946747186 0.233219010289074
0 0.3110074114740598 0.6910828025477707 0.1334065330771342 0.18569328760411563
0 0.4346692286576997 0.6945124938755511 0.023881416415042545 0.13179813816756492
0 0.46788361240735654 0.7038216560509554 0.022783420258029097 0.06320431161195492
0 0.5459785890749382 0.9078882900538952 0.07082075212736755 0.1773640372366487
0 0.42602250892121873 0.8613424791768741 0.017018940433708482 0.042136207741303285
0 0.2305791929728246 0.6957373836354728 0.21520724677463626 0.2371386575208231
0 0.506862475981334 0.9296913277804998 0.04144935492725775 0.1386575208231259
0 0.33708482020312924 0.8282704556589907 0.11474059840790557 0.34345908868201863
