0 0.49052978314575896 0.5526702596766291 0.05105682130112544 0.01567858892699657
1 0.2716167993412023 0.6810387065164135 0.03321438374965687 0.011758941695247428
1 0.29563546527587153 0.6658500734933855 0.03788086741696404 0.009799118079372856
0 0.5281361515234696 0.6979421852033317 0.010430963491627778 0.06810387065164135
0 0.5466648366730716 0.7645761881430672 0.023881416415042545 0.08574228319451249
0 0.40310183914356296 0.6295933365997061 0.05407631073291243 0.06075453209211171
2 0.2408729069448257 0.7246447819696227 0.05297831457589898 0.07643312101910828
0 0.42657150699972546 0.6751592356687898 0.01921493274773538 0.05977462028417442
0 0.2875377436178973 0.6727094561489466 0.017842437551468568 0.014698677119059284
2 0.12352456766401317 0.8245957863792258 0.17787537743617896 0.19892209701126898
1 0.3947296184463354 0.7141107300342969 0.25638210266264067 0.04850563449289564
0 0.29000823497117756 0.8226359627633513 0.08811419160032939 0.13816756491915727
