0 0.41780821917808214 0.6296477495107632 0.018082191780821915 0.023483365949119372
0 0.46041095890410955 0.7482876712328766 0.02547945205479452 0.074853228962818
0 0.4246575342465753 0.5941780821917808 0.008767123287671232 0.017123287671232876
0 0.39369863013698625 0.5406066536203522 0.01917808219178082 0.03522504892367906
0 0.3324657534246575 0.6423679060665362 0.0336986301369863 0.06653620352250489
0 0.49150684931506844 0.9256360078277885 0.03616438356164383 0.1487279843444227
2 0.4313698630136986 0.5496575342465753 0.019452054794520546 0.03571428571428571
0 0.30301369863013694 0.5819471624266145 0.05808219178082191 0.0337573385518591
0 0.41890410958904106 0.6768590998043053 0.021917808219178082 0.062133072407045006
0 0.4338356164383561 0.6203522504892367 0.015616438356164383 0.03816046966731898
0 0.4350684931506849 0.5768101761252445 0.009863013698630137 0.015655577299412915
