0 0.4420547945205479 0.6264677103718199 0.02547945205479452 0.034735812133072405
1 0.35602739726027394 0.6881115459882583 0.02821917808219178 0.015166340508806261
0 0.4284931506849315 0.6954500978473581 0.03287671232876712 0.09833659491193737
0 0.4454794520547945 0.7698140900195695 0.012602739726027396 0.0337573385518591
0 0.44342465753424654 0.809931506849315 0.012328767123287671 0.04354207436399217
0 0.4027397260273972 0.6663405088062622 0.010958904109589041 0.040117416829745595
0 0.47534246575342465 0.9200097847358121 0.019726027397260273 0.1560665362035225
1 0.3783561643835616 0.62279843444227 0.07178082191780821 0.04500978473581213
0 0.38123287671232875 0.6805283757338552 0.0052054794520547945 0.011741682974559686
1 0.467945205479452 0.6974070450097847 0.03013698630136986 0.017123287671232876
0 0.29602739726027394 0.9586594911937377 0.07753424657534246 0.08072407045009784
0 0.4031506849315068 0.7240704500978473 0.010684931506849314 0.0410958904109589
