0 0.42109589041095885 0.6453033268101761 0.023561643835616437 0.046966731898238745
0 0.4043835616438356 0.6888454011741683 0.010958904109589041 0.03816046966731898
1 0.3120547945205479 0.6086105675146771 0.23013698630136983 0.018590998043052837
1 0.3731506849315068 0.6183953033268101 0.07616438356164383 0.016634050880626222
0 0.4287671232876712 0.5919765166340508 0.010410958904109589 0.023483365949119372
0 0.22068493150684929 0.7989236790606653 0.046849315068493144 0.06947162426614481
0 0.49958904109589036 0.836839530332681 0.024931506849315065 0.09540117416829745
0 0.025342465753424654 0.8243639921722113 0.05068493150684931 0.08708414872798434
0 0.4510958904109589 0.6917808219178082 0.018904109589041096 0.03816046966731898
1 0.30123287671232873 0.6516634050880625 0.3531506849315068 0.03522504892367906
1 0.19986301369863013 0.6338062622309197 0.07041095890410959 0.023972602739726026
0 0.4528767123287671 0.7617416829745597 0.05150684931506849 0.09980430528375733
0 0.4195890410958904 0.9569471624266144 0.0210958904109589 0.07729941291585127
1 0.3476712328767123 0.5790117416829745 0.17369863013698628 0.013209393346379647
0 0.11520547945205478 0.946917808219178 0.051780821917808216 0.09931506849315068
1 0.25315068493150683 0.6917808219178082 0.3495890410958904 0.0547945205479452
