0 0.35863013698630136 0.6352739726027397 0.012602739726027396 0.018101761252446183
0 0.38986301369863013 0.7590508806262231 0.023561643835616437 0.2509784735812133
0 0.3765753424657534 0.6088551859099804 0.0073972602739726025 0.010273972602739725
0 0.3728767123287671 0.6240215264187866 0.004931506849315068 0.011252446183953033
0 0.3735616438356164 0.6372309197651663 0.008493150684931507 0.011252446183953033
0 0.31232876712328766 0.6110567514677103 0.010958904109589041 0.022504892367906065
1 0.3691780821917808 0.6548434442270058 0.15534246575342464 0.017123287671232876
0 0.25465753424657533 0.6783268101761252 0.04082191780821918 0.062133072407045006
0 0.09123287671232876 0.7155088062622309 0.16821917808219178 0.1453033268101761
3 0.3646575342465753 0.6193737769080234 0.006575342465753424 0.009784735812133072
0 0.32150684931506845 0.5770547945205479 0.027123287671232874 0.04256360078277886
