2 0.16469942355201755 0.8728564429201372 0.171836398572605 0.21999020088192062
1 0.27847927532253636 0.6205291523762861 0.0337633818281636 0.015188633023027927
0 0.24773538292615974 0.6553160215580598 0.02223442217952237 0.060264576188143064
1 0.3288498490255284 0.9235668789808917 0.05984079055723304 0.034296913277805
1 0.27793027724402963 0.8731014208721215 0.031018391435629972 0.023517883390494855
0 0.16318967883612406 0.6131798138167565 0.027175404886082898 0.05046545810877021
0 0.29618446335437826 0.9426751592356688 0.018665934669228657 0.08721215090641841
0 0.5429590996431513 0.9152376286134247 0.0785067252264617 0.15874571288584027
2 0.3000274499039253 0.7658010779029887 0.0960746637386769 0.15874571288584027
0 0.22948119681581114 0.6195492405683488 0.01482294811968158 0.025967662910338068
1 0.3586329947845182 0.7097011268985791 0.046939335712325 0.011268985791278784
0 0.2996157013450453 0.6420872121509064 0.035410376063683774 0.09946104850563449
1 0.19791380730167443 0.6144047035766781 0.047213834751578365 0.010779029887310141
1 0.03774361789733736 0.8784909358157765 0.07548723579467471 0.07153356197942184
0 0.1906395827614603 0.5918667319941205 0.02223442217952237 0.028417442430181284
0 0.1673071644249245 0.6207741303282704 0.010156464452374416 0.010779029887310141
0 0.20793302223442217 0.7234198922097012 0.02333241833653582 0.053405193532582065
1 0.3558880043919846 0.7829495345418912 0.0381553664562174 0.007839294463498285
