0 0.3454794520547945 0.8889432485322896 0.0136986301369863 0.05675146771037182
0 0.36452054794520544 0.7517123287671232 0.01506849315068493 0.13845401174168298
0 0.3428767123287671 0.976761252446184 0.012328767123287671 0.03962818003913894
0 0.2857534246575342 0.6749021526418786 0.01917808219178082 0.0337573385518591
0 0.37616438356164383 0.6766144814090019 0.026301369863013697 0.03522504892367906
2 0.386986301369863 0.6015166340508806 0.02547945205479452 0.12181996086105674
0 0.403972602739726 0.8862524461839529 0.03753424657534246 0.22162426614481406
0 0.3294520547945205 0.7945205479452054 0.010684931506849314 0.05283757338551859
0 0.17684931506849313 0.6621819960861056 0.13616438356164381 0.12279843444227005
0 0.05835616438356164 0.7610078277886496 0.09041095890410958 0.08463796477495107
0 0.44342465753424654 0.9735812133072407 0.01506849315068493 0.046966731898238745
0 0.3724657534246575 0.8642367906066536 0.029315068493150683 0.0611545988258317
0 0.27863013698630135 0.5714285714285714 0.06136986301369862 0.053816046966731895
0 0.10315068493150684 0.8948140900195695 0.03150684931506849 0.04500978473581213
0 0.15493150684931506 0.7945205479452054 0.038082191780821915 0.03131115459882583
0 0.4043835616438356 0.6861545988258316 0.009315068493150684 0.05821917808219178
