0 0.45662915179796865 0.9691327780499754 0.013999451001921492 0.050955414012738856
0 0.42451276420532524 0.6423321901028908 0.022783420258029097 0.06859382655561
0 0.4645896239363162 0.649436550710436 0.04309634916277793 0.09652131308182263
0 0.4293164973922591 0.5857422831945125 0.007685973099094153 0.025967662910338068
0 0.3115564095525665 0.690592846643802 0.012626955805654679 0.04556589906908378
0 0.22344221795223715 0.6531112199902008 0.035684875102937136 0.03331700146986771
0 0.38402415591545425 0.7146006859382655 0.01976393082624211 0.044585987261146494
0 0.1608564370024705 0.7099461048505634 0.09168267911062311 0.08133268005879471
0 0.40900356848751024 0.594561489465948 0.005489980785067252 0.020088192062714356
0 0.04954707658523195 0.7807447329740324 0.08701619544331594 0.07594316511513964
0 0.27436178973373593 0.609750122488976 0.016744441394455117 0.020088192062714356
