0 0.2572602739726027 0.7000978473581213 0.03178082191780822 0.060665362035225046
1 0.6717808219178082 0.8282778864970646 0.05643835616438356 0.03718199608610567
0 0.3689041095890411 0.5587084148727984 0.014520547945205478 0.016634050880626222
1 0.8606849315068492 0.9545009784735812 0.07863013698630136 0.060665362035225046
1 0.8353424657534246 0.8845401174168297 0.12 0.07729941291585127
1 0.2384931506849315 0.639921722113503 0.14164383561643834 0.010763209393346379
2 0.7363013698630136 0.785958904109589 0.0758904109589041 0.07974559686888454
0 0.30821917808219174 0.6325831702544031 0.007671232876712328 0.02054794520547945
1 0.10547945205479452 0.970890410958904 0.10575342465753423 0.05626223091976516
0 0.27671232876712326 0.6570450097847358 0.020821917808219178 0.029354207436399216
0 0.8345205479452055 0.8116438356164383 0.12054794520547944 0.06653620352250489
1 0.41041095890410956 0.6281800391389432 0.11232876712328767 0.019569471624266144
0 0.9365753424657534 0.8754892367906066 0.07972602739726027 0.06311154598825831
1 0.4194520547945205 0.6504403131115459 0.1550684931506849 0.015166340508806261
1 0.3564383561643835 0.5594422700587084 0.12602739726027395 0.011252446183953033
1 0.05123287671232876 0.9068003913894325 0.09972602739726026 0.03962818003913894
1 0.2776712328767123 0.611545988258317 0.029315068493150683 0.021526418786692758
0 0.15794520547945204 0.8101761252446184 0.15808219178082192 0.1771037181996086
0 0.42109589041095885 0.548679060665362 0.018082191780821915 0.030821917808219176
1 0.3347945205479452 0.598825831702544 0.18301369863013697 0.019569471624266144
0 0.017671232876712326 0.8055283757338552 0.02876712328767123 0.03277886497064579
0 0.3524657534246575 0.974559686888454 0.019452054794520546 0.04892367906066536
3 0.5653424657534246 0.6881115459882583 0.09452054794520547 0.08072407045009784
0 0.5641095890410959 0.884784735812133 0.08986301369863013 0.21673189823874756
3 0.4938356164383561 0.6139921722113503 0.030410958904109588 0.029354207436399216
