0 0.2945374691188581 0.7040666340029397 0.058742794400219595 0.10387065164135227
0 0.22797145209991762 0.8292503674669279 0.02333241833653582 0.08084272415482606
0 0.1445237441668954 0.7101910828025477 0.08976118583584956 0.10240078392944635
0 0.38814164150425473 0.5820676139147477 0.008783969256107603 0.02449779519843214
0 0.5295086467197364 0.8510534051935326 0.08564370024704913 0.21656050955414013
0 0.3668679659621191 0.8471337579617835 0.04748833379083173 0.17540421362077413
0 0.4118858083996706 0.595296423321901 0.013450452923414766 0.03723664870161685
1 0.2569311007411474 0.7621264086232239 0.48970628602799887 0.060264576188143064
1 0.36590721932473236 0.9502694757471828 0.3579467471863848 0.09554140127388534
1 0.27065605270381554 0.7038216560509554 0.39802360691737576 0.04262616364527193
