0 0.2617348339280812 0.6369426751592356 0.050233324183365353 0.04409603135717785
0 0.46280538018116935 0.6536011758941696 0.007136975020587428 0.01567858892699657
0 0.5746637386769146 0.8789808917197452 0.06944825693110074 0.11073003429691328
2 0.4007685973099094 0.5563449289563939 0.01811693659072193 0.04164625183733464
0 0.4412572055997804 0.7586967172954434 0.06505627230304693 0.3473787359137678
0 0.3744166895415866 0.5597746202841745 0.006038978863573977 0.014208721215090642
0 0.34696678561625033 0.5563449289563939 0.04007685973099094 0.03870651641352278
0 0.444002195992314 0.6450269475747182 0.02003842986549547 0.020088192062714356
0 0.3982981059566291 0.7364037236648702 0.02250892121877573 0.2175404213620774
0 0.41943453197913805 0.5558549730524253 0.012077957727147953 0.03576678098971092
0 0.3390063134779028 0.6046055854973053 0.020312928904748832 0.03331700146986771
0 0.2981059566291518 0.6048505634492896 0.034037880867416964 0.03184713375796178
0 0.5203129289047488 0.828515433610975 0.05791929728245951 0.19500244977951983
1 0.2783420258029097 0.689857912787849 0.16195443315948393 0.030377266046055854
