1 0.23853966511117208 0.8743263106320431 0.06258578094976668 0.024987751102400785
0 0.4242382651660719 0.6428221460068594 0.08097721657974197 0.21362077413032826
2 0.39733735931924236 0.9027437530622244 0.06231128191051331 0.19255267025967662
0 0.043782596760911334 0.8608525232729054 0.013999451001921492 0.012738853503184714
0 0.40653307713423 0.7841744243018128 0.025802909689816085 0.037726604605585495
0 0.25061762283832006 0.937530622243998 0.0631347790282734 0.11317981381675649
0 0.3118309085918199 0.6923076923076923 0.020312928904748832 0.04703576678098971
3 0.3904748833379083 0.8767760901518863 0.03046939335712325 0.03282704556589907
0 0.5091957178149876 0.8637922586967173 0.08838869063958275 0.24203821656050956
0 0.2230304693933571 0.6619304262616365 0.03980236069173758 0.043116119549240564
1 0.024430414493549272 0.850563449289564 0.048860828987098544 0.005879470847623714
0 0.19997255009607465 0.8855952964233219 0.08372220697227559 0.18079372856442918
0 0.3273401043096349 0.6565409113179814 0.004117485588800439 0.011758941695247428
0 0.3322810870161954 0.663890249877511 0.004117485588800439 0.013718765311121999
