0 0.24945205479452054 0.6416340508806262 0.06328767123287671 0.07093933463796477
1 0.4320547945205479 0.6761252446183953 0.08767123287671233 0.0136986301369863
0 0.3202739726027397 0.8321917808219178 0.06410958904109589 0.324853228962818
0 0.1621917808219178 0.6580234833659491 0.06027397260273972 0.03522504892367906
0 0.016712328767123287 0.7712818003913894 0.02794520547945205 0.028864970645792562
0 0.11164383561643834 0.6937377690802348 0.03534246575342465 0.03131115459882583
0 0.3 0.5931996086105675 0.007671232876712328 0.009295499021526418
0 0.14369863013698628 0.7218688845401173 0.08794520547945205 0.08365949119373776
0 0.38301369863013696 0.6328277886497065 0.023013698630136983 0.06898238747553816
0 0.3738356164383561 0.7184442270058709 0.026575342465753424 0.09931506849315068
0 0.390958904109589 0.5251956947162426 0.011506849315068492 0.021037181996086105
0 0.33561643835616434 0.6338062622309197 0.01643835616438356 0.05724070450097847
0 0.06383561643835615 0.7314090019569471 0.06630136986301369 0.05283757338551859
0 0.061917808219178076 0.7918297455968688 0.07287671232876712 0.0611545988258317
