1 0.2536986301369863 0.7348336594911937 0.44986301369863013 0.03131115459882583
0 0.3328767123287671 0.8737769080234833 0.016986301369863014 0.03718199608610567
0 0.2484931506849315 0.5831702544031311 0.02794520547945205 0.025440313111545987
0 0.3502739726027397 0.9630626223091976 0.029315068493150683 0.06311154598825831
0 0.32301369863013696 0.6203522504892367 0.010958904109589041 0.03131115459882583
0 0.31452054794520545 0.661692759295499 0.019726027397260273 0.027886497064579255
0 0.48972602739726023 0.7776418786692759 0.038082191780821915 0.08463796477495107
0 0.0895890410958904 0.7150195694716243 0.05205479452054794 0.052348336594911934
0 0.026849315068493147 0.7644324853228962 0.04328767123287671 0.03277886497064579
1 0.5065753424657534 0.9317514677103718 0.07013698630136986 0.024951076320939333
