0 0.24794520547945204 0.6487279843444227 0.012054794520547944 0.015655577299412915
0 0.4165753424657534 0.5335127201565557 0.012328767123287671 0.008317025440313111
0 0.3828767123287671 0.6734344422700587 0.015616438356164383 0.027886497064579255
0 0.27520547945205476 0.6925146771037182 0.08794520547945205 0.1022504892367906
0 0.33041095890410954 0.9799412915851271 0.014794520547945205 0.040117416829745595
0 0.1891780821917808 0.7473091976516634 0.012328767123287671 0.026908023483365948
0 0.48602739726027394 0.9774951076320939 0.013150684931506848 0.03718199608610567
0 0.43753424657534246 0.5420743639921721 0.0136986301369863 0.019569471624266144
1 0.31410958904109587 0.9549902152641878 0.021643835616438355 0.01761252446183953
0 0.11602739726027396 0.773972602739726 0.02821917808219178 0.021526418786692758
0 0.3202739726027397 0.74706457925636 0.05808219178082191 0.136986301369863
0 0.2828767123287671 0.8845401174168297 0.016164383561643833 0.046966731898238745
0 0.41739726027397256 0.5672700587084148 0.0210958904109589 0.027886497064579255
0 0.4268493150684931 0.9853228962818004 0.020273972602739724 0.02446183953033268
0 0.17712328767123287 0.7969667318982387 0.0610958904109589 0.07240704500978473
0 0.3256164383561644 0.8365949119373777 0.009041095890410958 0.04500978473581213
0 0.3563013698630137 0.5702054794520548 0.05123287671232876 0.026908023483365948
0 0.347945205479452 0.6120352250489236 0.053698630136986295 0.05577299412915851
0 0.4678082191780822 0.6944716242661447 0.027671232876712328 0.05136986301369863
0 0.3790410958904109 0.7854696673189824 0.017260273972602738 0.07974559686888454
0 0.3975342465753424 0.6149706457925636 0.029041095890410956 0.03816046966731898
0 0.3927397260273972 0.7084148727984344 0.00958904109589041 0.043052837573385516
1 0.07493150684931506 0.812133072407045 0.008493150684931507 0.022504892367906065
0 0.336027397260274 0.6582681017612524 0.014520547945205478 0.018101761252446183
0 0.5410958904109588 0.7849804305283757 0.060821917808219175 0.15998043052837574
1 0.13863013698630136 0.8390410958904109 0.2772602739726027 0.04403131115459882
0 0.2827397260273972 0.6105675146771037 0.05753424657534246 0.03228962818003914
0 0.15150684931506847 0.7000978473581213 0.04876712328767123 0.025440313111545987
0 0.07219178082191781 0.773972602739726 0.0463013698630137 0.03718199608610567
0 0.4924657534246575 0.922945205479452 0.016712328767123287 0.08463796477495107
1 0.06671232876712328 0.7402152641878669 0.13342465753424657 0.011741682974559686
0 0.13616438356164381 0.7411937377690802 0.05917808219178082 0.03424657534246575
0 0.30534246575342466 0.9332191780821917 0.01780821917808219 0.08953033268101761
0 0.38999999999999996 0.6440802348336595 0.00684931506849315 0.014187866927592954
0 0.42246575342465753 0.6462818003913894 0.018082191780821915 0.03522504892367906
1 0.4436986301369863 0.6382093933463796 0.1010958904109589 0.010273972602739725
1 0.4291780821917808 0.8688845401174168 0.2917808219178082 0.03718199608610567
0 0.46205479452054793 0.5415851272015655 0.012876712328767123 0.016634050880626222
0 0.0789041095890411 0.9182974559686888 0.13260273972602737 0.1634050880626223
0 0.08767123287671233 0.7910958904109588 0.01863013698630137 0.012720156555772993
0 0.4606849315068493 0.6171722113502935 0.010684931506849314 0.03669275929549902
1 0.35041095890410956 0.5905088062622309 0.04273972602739726 0.00684931506849315
1 0.0626027397260274 0.798679060665362 0.1252054794520548 0.023972602739726026
0 0.2891780821917808 0.8343933463796477 0.016164383561643833 0.05430528375733855
