0 0.46555037057370297 0.7422831945124939 0.03842986549547076 0.082312591866732
0 0.4381004666483667 0.6629103380695738 0.014273950041174856 0.012738853503184714
0 0.4492176777381279 0.5560999510044096 0.004666483667307164 0.008819206271435572
0 0.4762558331045841 0.6487016168544831 0.012077957727147953 0.03331700146986771
0 0.2746362887729893 0.658500734933856 0.00960746637386769 0.016658500734933857
0 0.09868240461158385 0.7729054385105341 0.06176228383200658 0.0720235178833905
0 0.39582761460334887 0.7155805977462029 0.04337084820203129 0.1474767270945615
0 0.46500137249519624 0.6080352768250857 0.009881965413121054 0.016658500734933857
0 0.243755146856986 0.7008819206271435 0.04007685973099094 0.06810387065164135
0 0.26996980510568214 0.8875551200391965 0.04090035684875103 0.1386575208231259
0 0.47351084271205046 0.8799608035276825 0.06587976942080702 0.23909848113669768
0 0.3480647817732638 0.6276335129838314 0.034037880867416964 0.027437530622243998
0 0.16922865769969803 0.719500244977952 0.0381553664562174 0.03968642822146007
0 0.47062860279989016 0.6822635962763351 0.02003842986549547 0.044585987261146494
0 0.2863024979412572 0.6697697207251347 0.003293988471040351 0.011758941695247428
0 0.3814164150425473 0.5857422831945125 0.024430414493549272 0.021068103870651642
1 0.2595388416140543 0.7172954434100931 0.02662640680757617 0.010779029887310141
0 0.5441943453197914 0.7841744243018128 0.08207521273675542 0.15825575698187164
0 0.4077683228108701 0.5994610485056345 0.006862475981334065 0.0171484566389025
0 0.4154542959099643 0.7861342479176874 0.04639033763381828 0.044585987261146494
0 0.20669777655778204 0.6918177364037237 0.01976393082624211 0.027437530622243998
0 0.22920669777655778 0.7883390494855463 0.029096898160856435 0.11464968152866242
