0 0.43562997529508646 0.5835374816266536 0.009881965413121054 0.057814796668299855
0 0.45525665660170184 0.595296423321901 0.02552841065056272 0.09897109260166585
0 0.37180894866867964 0.5989710926016658 0.006313477902827339 0.0171484566389025
0 0.07219324732363436 0.7822146006859383 0.14438649464726871 0.12297893189612935
0 0.4271205050782322 0.820921117099461 0.026900905846829533 0.2082312591866732
0 0.284655503705737 0.5999510044096031 0.023606917375789183 0.018128368446839783
0 0.5374691188580839 0.8192062714355708 0.14109250617622837 0.3547280744732974
0 0.4574526489157288 0.8946594806467417 0.024430414493549272 0.20676139147476727
1 0.38731814438649464 0.6251837334639883 0.032390886631896786 0.006859382655560999
0 0.24128465550370573 0.9091131798138168 0.05325281361515234 0.1798138167564919
0 0.3045566840516058 0.7261146496815286 0.10678012626955805 0.2116609505144537
0 0.5209991765028822 0.719500244977952 0.025253911611309358 0.06124448799608035
0 0.2646170738402415 0.6999020088192063 0.0697227559703541 0.10240078392944635
0 0.33845731539939605 0.5624693777560019 0.03129289047488334 0.02253797158255757
0 0.43796321712874003 0.6999020088192063 0.06121328575349986 0.1533561979421852
0 0.36741696404062585 0.6163645271925526 0.011254460609387866 0.02645761881430671
0 0.17005215481745814 0.8767760901518863 0.15069997255009607 0.24448799608035277
