0 0.4358904109589041 0.661692759295499 0.024657534246575342 0.06996086105675146
0 0.49602739726027395 0.8696183953033267 0.08246575342465753 0.2568493150684931
3 0.33452054794520547 0.5386497064579256 0.01863013698630137 0.00684931506849315
2 0.23575342465753424 0.6634050880626223 0.13671232876712328 0.10763209393346379
3 0.303972602739726 0.5782778864970646 0.012876712328767123 0.005870841487279843
0 0.4280821917808219 0.9134050880626222 0.05342465753424657 0.17123287671232876
2 0.12246575342465753 0.8573874755381604 0.24054794520547942 0.28522504892367906
0 0.42054794520547945 0.7174657534246575 0.023561643835616437 0.07974559686888454
3 0.3236986301369863 0.5545499021526419 0.021643835616438355 0.011252446183953033
0 0.43972602739726024 0.7106164383561644 0.006027397260273972 0.026908023483365948
3 0.283972602739726 0.595890410958904 0.014520547945205478 0.007827788649706457
3 0.3046575342465753 0.5961350293542074 0.008767123287671232 0.0053816046966731895
