0 0.33694757068350256 0.6090151886330231 0.020587427944002194 0.03723664870161685
0 0.30414493549272575 0.5859872611464968 0.007136975020587428 0.007839294463498285
1 0.3310458413395553 0.8348848603625674 0.5380181169365906 0.05977462028417442
0 0.02635190776832281 0.8753062224399804 0.05270381553664562 0.07006369426751592
1 0.43412023057919297 0.6957373836354728 0.13917101290145484 0.009799118079372856
1 0.3623387318144386 0.7714355707986281 0.1416415042547351 0.020088192062714356
0 0.2760087839692561 0.6315531602155806 0.038704364534724124 0.027437530622243998
0 0.31965413121054076 0.596766291033807 0.013999451001921492 0.023517883390494855
2 0.7209717265989568 0.8995590396864283 0.1298380455668405 0.20088192062714355
1 0.328575349986275 0.6555609995100441 0.14932747735382926 0.02645761881430671
