0 0.428493000274499 0.6428221460068594 0.010430963491627778 0.012738853503184714
0 0.36741696404062585 0.698187163155316 0.019489431786988743 0.035276825085742286
0 0.5209991765028822 0.7751102400783929 0.07905572330496843 0.09701126898579128
0 0.4556684051605819 0.8192062714355708 0.05105682130112544 0.05585497305242528
0 0.053527312654405704 0.829985301322881 0.10156464452374415 0.10093091621754043
0 0.47419709031018387 0.6751592356687898 0.0315673895141367 0.04409603135717785
0 0.48270656052703814 0.877266046055855 0.02662640680757617 0.013228809407153356
0 0.29769420807027175 0.6403723664870161 0.029371397200109797 0.021558059774620282
1 0.3145758989843535 0.6665850073493386 0.08015371946198188 0.0240078392944635
0 0.49121603074389236 0.7209701126898579 0.016195443315948393 0.022048015678588925
0 0.35533900631347787 0.6055854973052425 0.017842437551468568 0.03135717785399314
0 0.43425748009881965 0.698187163155316 0.037331869338457314 0.06565409113179814
0 0.41998353005764477 0.6178343949044586 0.01372495196266813 0.023517883390494855
0 0.4640406258578095 0.7704556589906908 0.024430414493549272 0.04164625183733464
1 0.27189129838045567 0.7763351298383145 0.33351633269283554 0.05438510534051935
