0 0.2920669777655778 0.6036256736893679 0.012626955805654679 0.02253797158255757
1 0.434531979138073 0.6773640372366487 0.05764479824320615 0.008329250367466928
0 0.20093329673346141 0.6413522782949534 0.08180071369750205 0.07937285644292014
0 0.30839967060115286 0.8584027437530622 0.07768322810870161 0.27437530622244
0 0.3586329947845182 0.6178343949044586 0.02333241833653582 0.03233708966193043
0 0.1027998902003843 0.7650661440470358 0.20450178424375512 0.20039196472317491
0 0.37894592368926705 0.7479176874081332 0.05078232226187208 0.14257716805487505
0 0.3742794400219599 0.6543361097501225 0.01564644523744167 0.03870651641352278
0 0.322124622563821 0.5776580107790299 0.007960472138347515 0.027437530622243998
0 0.030332143837496568 0.9292013718765311 0.060664287674993135 0.1337579617834395
0 0.2710678012626956 0.576188143067124 0.03705737029920395 0.06467417932386085
