0 0.053698630136986295 0.8896771037181995 0.029041095890410956 0.06409001956947162
0 0.06767123287671233 0.8143346379647749 0.06958904109589041 0.06898238747553816
2 0.30643835616438353 0.7773972602739726 0.022191780821917806 0.030332681017612523
0 0.3806849315068493 0.5530821917808219 0.009041095890410958 0.021037181996086105
3 0.28876712328767123 0.8202054794520548 0.044931506849315066 0.04941291585127201
0 0.2587671232876712 0.9170743639921721 0.04958904109589041 0.14628180039138944
1 0.20712328767123286 0.7448630136986301 0.17424657534246574 0.009295499021526418
3 0.32191780821917804 0.6974070450097847 0.026301369863013697 0.017123287671232876
3 0.31123287671232874 0.7490215264187866 0.03178082191780822 0.014677103718199608
1 0.36767123287671233 0.7252935420743639 0.19835616438356163 0.020058708414872797
1 0.3432876712328767 0.5313111545988258 0.05972602739726027 0.014677103718199608
0 0.36931506849315066 0.598825831702544 0.011506849315068492 0.04403131115459882
