0 0.2677738127916552 0.6391474767270946 0.02223442217952237 0.023027927486526212
1 0.3365358221246225 0.8934345908868202 0.14219050233324182 0.0240078392944635
0 0.4710403513587702 0.807937285644292 0.07521273675542135 0.3753062224399804
0 0.40447433433982977 0.6893679568838804 0.021685424101015646 0.10387065164135227
1 0.11446609936865221 0.8263106320431161 0.22893219873730442 0.056344928956393925
0 0.4666483667307164 0.6734443900048995 0.012626955805654679 0.025967662910338068
0 0.5827614603348887 0.9573738363547281 0.045566840516058194 0.07741303282704556
0 0.2589898435355476 0.6744243018128369 0.024430414493549272 0.025967662910338068
0 0.17279714520999176 0.7092111709946105 0.07109525116662091 0.04556589906908378
1 0.37016195443315947 0.7672709456148946 0.05956629151797968 0.023517883390494855
0 0.4118858083996706 0.8838804507594317 0.023881416415042545 0.2322390984811367
1 0.3258303595937414 0.6026457618814307 0.0609387867142465 0.025477707006369428
0 0.42451276420532524 0.6102400783929446 0.01564644523744167 0.05438510534051935
