0 0.3235616438356164 0.863747553816047 0.09315068493150684 0.2548923679060665
0 0.3771232876712329 0.7248043052837573 0.00958904109589041 0.04256360078277886
0 0.04260273972602739 0.7942759295499021 0.08520547945205478 0.06800391389432485
0 0.1961643835616438 0.699853228962818 0.022465753424657533 0.02592954990215264
0 0.390958904109589 0.5662915851272016 0.03726027397260274 0.045499021526418784
0 0.40041095890410955 0.7666340508806262 0.010684931506849314 0.11350293542074363
0 0.42890410958904107 0.6049412915851272 0.036986301369863014 0.03277886497064579
0 0.3454794520547945 0.6223091976516634 0.016986301369863014 0.05185909980430528
0 0.4247945205479452 0.6700097847358121 0.038082191780821915 0.10714285714285714
0 0.4373972602739726 0.9077788649706457 0.07150684931506848 0.17759295499021527
1 0.36767123287671233 0.6766144814090019 0.07835616438356163 0.008806262230919765
1 0.22657534246575342 0.7093933463796477 0.13260273972602737 0.009784735812133072
0 0.41041095890410956 0.5560176125244618 0.023013698630136983 0.015166340508806261
0 0.11082191780821916 0.7617416829745597 0.09835616438356164 0.10469667318982387
0 0.32999999999999996 0.5819471624266145 0.017260273972602738 0.030821917808219176
1 0.26 0.6903131115459882 0.10465753424657534 0.016634050880626222
