2 0.39369863013698625 0.7707925636007827 0.13205479452054794 0.13062622309197652
3 0.22328767123287668 0.8549412915851271 0.020821917808219178 0.023972602739726026
3 0.2263013698630137 0.9728473581213307 0.019726027397260273 0.02201565557729941
2 0.2591780821917808 0.6731898238747553 0.15232876712328766 0.10078277886497064
0 0.4906849315068493 0.8268101761252445 0.023561643835616437 0.11448140900195694
0 0.3632876712328767 0.5944227005870841 0.006575342465753424 0.02054794520547945
3 0.15273972602739724 0.973825831702544 0.014520547945205478 0.023972602739726026
2 0.17561643835616436 0.8603228962818004 0.336986301369863 0.2734833659491194
3 0.18671232876712326 0.9170743639921721 0.019452054794520546 0.024951076320939333
0 0.38643835616438355 0.5195694716242661 0.006301369863013698 0.010763209393346379
3 0.32671232876712325 0.6054305283757339 0.010684931506849314 0.0053816046966731895
