0 0.4290419983530057 0.5832925036746692 0.007685973099094153 0.014208721215090642
1 0.37235794674718636 0.5203331700146987 0.03046939335712325 0.020578147966683
0 0.18405160581937963 0.6798138167564919 0.05791929728245951 0.06712395884370406
0 0.2853417513038704 0.8121019108280254 0.037606368377710676 0.07986281234688877
0 0.40529783145758985 0.5614894659480647 0.015097447158934943 0.04409603135717785
0 0.390612132857535 0.5923566878980892 0.015371946198188305 0.036256736893679566
2 0.259676091133681 0.60828025477707 0.08838869063958275 0.09358157765801078
0 0.07905572330496843 0.7839294463498285 0.1482294811968158 0.13914747672709457
0 0.15591545429590994 0.9081332680058795 0.16854241010156462 0.17687408133268007
1 0.34188855339006313 0.538951494365507 0.0315673895141367 0.01567858892699657
0 0.3293988471040351 0.5654091131798138 0.010979961570134504 0.012738853503184714
0 0.31059566291517976 0.55952964233219 0.014548449080428218 0.014698677119059284
0 0.07164424924512763 0.740813326800588 0.14328849849025527 0.13326800587947085
2 0.4796870710952511 0.7969132778049975 0.14850398023606917 0.3934345908868202
