0 0.44592368926708753 0.5879470847623713 0.026077408729069447 0.09211170994610485
0 0.45978589074938236 0.7579617834394904 0.024155915454295906 0.12542871141597256
2 0.3412023057919297 0.7258696717295443 0.05654680208619269 0.15629593336599706
1 0.42876749931375235 0.6457618814306713 0.04337084820203129 0.02449779519843214
0 0.46568762009332965 0.910828025477707 0.07768322810870161 0.17834394904458598
1 0.3792204227285204 0.8579127878490935 0.04968432610485863 0.050955414012738856
0 0.40667032665385666 0.6038706516413522 0.00960746637386769 0.037726604605585495
3 0.30332143837496567 0.6126898579127878 0.009332967334614329 0.007349338559529642
0 0.3178698874553939 0.5999510044096031 0.01921493274773538 0.016168544830965213
0 0.46349162777930275 0.6648701616854483 0.024430414493549272 0.058794708476237134
0 0.4556684051605819 0.5320921117099461 0.03842986549547076 0.042136207741303285
0 0.4581388965138622 0.5436060754532092 0.007136975020587428 0.022048015678588925
0 0.44290419983530055 0.7594316511513963 0.023881416415042545 0.11073003429691328
2 0.23524567664013174 0.9029887310142087 0.2443041449354927 0.18814306712395884
