0 0.417945205479452 0.7876712328767123 0.04794520547945205 0.26614481409001955
0 0.46342465753424655 0.8598336594911937 0.036986301369863014 0.27446183953033265
0 0.38465753424657534 0.8630136986301369 0.03013698630136986 0.053816046966731895
1 0.34369863013698626 0.7098825831702543 0.27643835616438356 0.023483365949119372
0 0.22410958904109587 0.6829745596868884 0.07780821917808219 0.07632093933463796
1 0.34904109589041094 0.6247553816046967 0.04273972602739726 0.015655577299412915
0 0.06671232876712328 0.7289628180039138 0.12410958904109588 0.07142857142857142
0 0.1526027397260274 0.661692759295499 0.0810958904109589 0.05821917808219178
0 0.03972602739726027 0.7898727984344422 0.07945205479452054 0.052348336594911934
1 0.34534246575342464 0.6526418786692759 0.22821917808219178 0.02446183953033268
0 0.3535616438356164 0.7712818003913894 0.034794520547945205 0.20303326810176126
0 0.05602739726027397 0.9779843444227005 0.024383561643835615 0.040117416829745595
0 0.24904109589041093 0.8894324853228962 0.0410958904109589 0.04794520547945205
0 0.3738356164383561 0.6294031311154599 0.021643835616438355 0.045499021526418784
0 0.42273972602739723 0.6739236790606653 0.026301369863013697 0.09540117416829745
0 0.5020547945205479 0.7964774951076321 0.04465753424657534 0.17123287671232876
