0 0.3928767123287671 0.8811154598825831 0.014794520547945205 0.0949119373776908
0 0.2924657534246575 0.8522504892367906 0.0336986301369863 0.1350293542074364
0 0.2894520547945205 0.7360567514677103 0.0326027397260274 0.07876712328767123
0 0.2516438356164383 0.8524951076320939 0.011232876712328766 0.06800391389432485
0 0.3910958904109589 0.7054794520547945 0.0210958904109589 0.06164383561643835
1 0.21986301369863012 0.7079256360078278 0.14821917808219176 0.036203522504892366
0 0.37630136986301366 0.9787181996086105 0.04794520547945205 0.03669275929549902
0 0.10205479452054794 0.7541585127201565 0.06767123287671233 0.0611545988258317
0 0.23821917808219176 0.7600293542074363 0.04904109589041095 0.09735812133072407
0 0.3646575342465753 0.7700587084148728 0.014794520547945205 0.12133072407045009
0 0.12109589041095889 0.785958904109589 0.05424657534246575 0.07289628180039139
0 0.054383561643835614 0.8456457925636007 0.09068493150684931 0.08170254403131115
2 0.41534246575342465 0.6105675146771037 0.0558904109589041 0.09980430528375733
0 0.31095890410958904 0.9449608610567514 0.10301369863013699 0.10420743639921722
1 0.383972602739726 0.6844422700587084 0.2084931506849315 0.0410958904109589
2 0.4902739726027397 0.9163405088062622 0.15808219178082192 0.16536203522504891
