1 0.2773812791655229 0.7878490935815776 0.09580016469942354 0.036256736893679566
1 0.04995882514411199 0.9811366976972072 0.09991765028822398 0.03184713375796178
0 0.27491078781224265 0.9348358647721705 0.0381553664562174 0.1283684468397844
0 0.3123799066703266 0.7756001959823616 0.0653307713423003 0.14110730034296914
0 0.4205325281361515 0.7060264576188143 0.03952786165248422 0.10387065164135227
1 0.20134504529234146 0.7533072023517883 0.24897062860279986 0.09652131308182263
1 0.48929453746911883 0.9615384615384616 0.20285479000823495 0.07496325330720235
1 0.38402415591545425 0.7251347378735914 0.08838869063958275 0.011758941695247428
0 0.40035684875102934 0.6188143067123959 0.01894043370848202 0.06075453209211171
1 0.46706011528959646 0.7278294953454189 0.05791929728245951 0.013228809407153356
0 0.3493000274499039 0.6391474767270946 0.046939335712325 0.12983831455169034
