0 0.3132876712328767 0.5567514677103718 0.016164383561643833 0.01761252446183953
0 0.2924657534246575 0.6678082191780822 0.0073972602739726025 0.010763209393346379
0 0.27671232876712326 0.6479941291585127 0.08602739726027396 0.10420743639921722
3 0.413972602739726 0.5670254403131115 0.0136986301369863 0.010763209393346379
0 0.24780821917808218 0.7184442270058709 0.010136986301369862 0.018101761252446183
0 0.3835616438356164 0.5249510763209393 0.007123287671232876 0.022504892367906065
0 0.39643835616438355 0.535958904109589 0.006027397260273972 0.01614481409001957
0 0.35383561643835615 0.5574853228962817 0.009041095890410958 0.01908023483365949
0 0.33534246575342463 0.5393835616438356 0.01643835616438356 0.015166340508806261
0 0.08684931506849314 0.7407045009784735 0.1687671232876712 0.11839530332681017
0 0.4060273972602739 0.7277397260273972 0.014794520547945205 0.028864970645792562
0 0.413972602739726 0.6443248532289628 0.0136986301369863 0.029354207436399216
