0 0.3561643835616438 0.7421722113502935 0.012602739726027396 0.07729941291585127
0 0.7068493150684931 0.682729941291585 0.0421917808219178 0.03767123287671233
0 0.6067123287671232 0.5924657534246575 0.0473972602739726 0.036203522504892366
0 0.2832876712328767 0.6592465753424657 0.024109589041095888 0.03571428571428571
0 0.5256164383561643 0.6203522504892367 0.013972602739726026 0.018590998043052837
1 0.582876712328767 0.636252446183953 0.08575342465753424 0.007338551859099804
0 0.46013698630136984 0.6433463796477494 0.02821917808219178 0.07142857142857142
2 0.8408219178082191 0.8688845401174168 0.3101369863013698 0.2563600782778865
3 0.7363013698630136 0.709637964774951 0.02273972602739726 0.024951076320939333
1 0.17465753424657532 0.712573385518591 0.02876712328767123 0.0474559686888454
0 0.34726027397260273 0.5596868884540117 0.0210958904109589 0.022504892367906065
1 0.13753424657534247 0.9459393346379648 0.27232876712328763 0.10616438356164383
1 0.23178082191780822 0.7771526418786693 0.24273972602739724 0.045499021526418784
0 0.3683561643835616 0.5753424657534246 0.005753424657534246 0.011741682974559686
0 0.33534246575342463 0.9439823874755381 0.0273972602739726 0.03767123287671233
0 0.6101369863013698 0.6144814090019569 0.013150684931506848 0.0273972602739726
0 0.40698630136986297 0.6602250489236791 0.007945205479452055 0.027886497064579255
0 0.6499999999999999 0.6320939334637965 0.019452054794520546 0.022504892367906065
0 0.35013698630136986 0.8427103718199608 0.015342465753424656 0.09540117416829745
1 0.4083561643835616 0.9001956947162426 0.32684931506849313 0.05283757338551859
0 0.10232876712328766 0.9129158512720156 0.023835616438356164 0.03131115459882583
1 0.6342465753424658 0.8649706457925636 0.0958904109589041 0.029354207436399216
0 0.1902739726027397 0.6558219178082192 0.053972602739726025 0.05136986301369863
0 0.2638356164383561 0.6457925636007827 0.010410958904109589 0.029354207436399216
0 0.4921917808219178 0.6301369863013698 0.023835616438356164 0.04500978473581213
1 0.4080821917808219 0.5799902152641878 0.0463013698630137 0.018101761252446183
0 0.5453424657534246 0.6690313111545988 0.0326027397260274 0.05626223091976516
2 0.6252054794520547 0.7737279843444227 0.11561643835616438 0.14823874755381605
0 0.24876712328767123 0.6247553816046967 0.013150684931506848 0.022504892367906065
1 0.24712328767123287 0.7416829745596869 0.11452054794520547 0.01761252446183953
