0 0.4732876712328767 0.9522994129158512 0.03534246575342465 0.0885518590998043
1 0.39383561643835613 0.8182485322896281 0.34931506849315064 0.055283757338551856
0 0.0758904109589041 0.7517123287671232 0.11616438356164382 0.07289628180039139
0 0.4404109589041096 0.6656066536203522 0.009041095890410958 0.015166340508806261
0 0.5497260273972603 0.8710861056751468 0.07863013698630136 0.23238747553816047
0 0.4976712328767123 0.74559686888454 0.022191780821917806 0.057729941291585124
0 0.49 0.8065068493150684 0.02273972602739726 0.07387475538160469
0 0.29602739726027394 0.6952054794520548 0.12465753424657533 0.18395303326810175
0 0.16246575342465752 0.9141389432485323 0.12 0.16193737769080235
1 0.10986301369863014 0.8052837573385518 0.21753424657534245 0.03424657534246575
