0 0.4183561643835616 0.6477495107632094 0.01643835616438356 0.06653620352250489
0 0.46164383561643835 0.636986301369863 0.005479452054794521 0.019569471624266144
0 0.38232876712328767 0.6139921722113503 0.034794520547945205 0.12035225048923678
0 0.44821917808219175 0.9072896281800391 0.019726027397260273 0.17563600782778865
0 0.22821917808219178 0.7629647749510763 0.023013698630136983 0.03669275929549902
0 0.4320547945205479 0.5567514677103718 0.0027397260273972603 0.009784735812133072
0 0.4317808219178082 0.7287181996086105 0.020821917808219178 0.12084148727984344
0 0.41369863013698627 0.5403620352250489 0.011506849315068492 0.01908023483365949
0 0.24534246575342464 0.6154598825831702 0.03534246575342465 0.0273972602739726
1 0.4143835616438356 0.6154598825831702 0.04575342465753424 0.007827788649706457
0 0.46712328767123285 0.8984833659491194 0.01589041095890411 0.038649706457925634
0 0.42410958904109586 0.5567514677103718 0.005479452054794521 0.015655577299412915
0 0.4150684931506849 0.5706947162426614 0.009315068493150684 0.045499021526418784
0 0.43671232876712324 0.5976027397260274 0.019726027397260273 0.02299412915851272
0 0.320958904109589 0.6333170254403131 0.019999999999999997 0.030821917808219176
0 0.44315068493150683 0.7353228962818004 0.0052054794520547945 0.04403131115459882
0 0.20342465753424657 0.647504892367906 0.024931506849315065 0.02984344422700587
0 0.4065753424657534 0.7908512720156555 0.009863013698630137 0.07876712328767123
0 0.45479452054794517 0.7928082191780822 0.010410958904109589 0.07681017612524461
