0 0.7710958904109588 0.8867416829745597 0.16465753424657534 0.16193737769080235
0 0.40890410958904105 0.5198140900195695 0.003561643835616438 0.007338551859099804
0 0.31260273972602737 0.5680039138943248 0.03178082191780822 0.022504892367906065
0 0.4283561643835616 0.6401663405088063 0.00958904109589041 0.021037181996086105
0 0.9246575342465753 0.9165851272015655 0.14520547945205478 0.09735812133072407
0 0.06684931506849315 0.8131115459882583 0.12712328767123288 0.14677103718199608
0 0.4116438356164383 0.5699608610567515 0.018904109589041096 0.05185909980430528
0 0.18191780821917808 0.6722113502935421 0.034520547945205475 0.021526418786692758
0 0.25821917808219175 0.6213307240704501 0.02547945205479452 0.022504892367906065
0 0.507945205479452 0.9068003913894325 0.04547945205479452 0.186399217221135
