0 0.3828767123287671 0.5636007827788649 0.024383561643835615 0.04403131115459882
0 0.41 0.8378180039138943 0.016164383561643833 0.08561643835616438
0 0.3905479452054794 0.6577788649706457 0.009041095890410958 0.015166340508806261
1 0.1910958904109589 0.8730430528375733 0.37616438356164383 0.09540117416829745
0 0.3927397260273972 0.8918786692759295 0.01780821917808219 0.21232876712328766
1 0.4742465753424657 0.8891878669275929 0.18739726027397258 0.03767123287671233
0 0.3924657534246575 0.607876712328767 0.014520547945205478 0.01223091976516634
0 0.3820547945205479 0.6797945205479452 0.006301369863013698 0.018101761252446183
0 0.40520547945205476 0.6098336594911937 0.006575342465753424 0.03571428571428571
0 0.4113698630136986 0.7059686888454011 0.02547945205479452 0.15459882583170254
0 0.23232876712328765 0.6147260273972602 0.11397260273972602 0.09344422700587084
0 0.38328767123287666 0.7084148727984344 0.013150684931506848 0.033268101761252444
0 0.09109589041095889 0.7274951076320939 0.18 0.1360078277886497
