0 0.3552017567938512 0.5955414012738853 0.025802909689816085 0.03968642822146007
0 0.4269832555586055 0.6521313081822636 0.032116387592643424 0.06369426751592357
0 0.34531979138073016 0.7542871141597256 0.01976393082624211 0.1866731994120529
0 0.4079055723304968 0.5734933855952964 0.02635190776832281 0.040666340029397355
1 0.40035684875102934 0.6095051445369917 0.06725226461707383 0.021558059774620282
0 0.2341476804831183 0.6065654091131798 0.01482294811968158 0.027437530622243998
0 0.3956903650837222 0.8591376776090152 0.016195443315948393 0.05438510534051935
0 0.20120779577271478 0.6386575208231259 0.020312928904748832 0.024987751102400785
0 0.09648641229755694 0.7395884370406663 0.16991490529783146 0.14257716805487505
0 0.506450727422454 0.787359137677609 0.09772165797419709 0.19304262616364526
