0 0.537945205479452 0.9119373776908023 0.012328767123287671 0.050880626223091974
1 0.36232876712328765 0.9317514677103718 0.043561643835616434 0.013209393346379647
0 0.4513698630136986 0.7588062622309197 0.027123287671232874 0.08904109589041095
1 0.3550684931506849 0.7512230919765166 0.061917808219178076 0.020058708414872797
0 0.4354794520547945 0.6179060665362035 0.011232876712328766 0.11252446183953033
0 0.49109589041095886 0.8397749510763209 0.060547945205479445 0.08463796477495107
0 0.47753424657534244 0.7086594911937377 0.01643835616438356 0.0611545988258317
0 0.41054794520547944 0.7079256360078278 0.04794520547945205 0.06653620352250489
0 0.3531506849315068 0.7257827788649706 0.029041095890410956 0.026908023483365948
0 0.34041095890410955 0.9652641878669276 0.013972602739726026 0.06555772994129158
0 0.41931506849315064 0.8625244618395302 0.0747945205479452 0.12524461839530332
0 0.3116438356164383 0.7947651663405088 0.02821917808219178 0.06017612524461839
