3 0.8914603960396039 0.639066339066339 0.024504950495049506 0.0171990171990172
3 0.8241336633663366 0.7557739557739558 0.05915841584158416 0.05405405405405405
3 0.6975247524752475 0.6582309582309582 0.023267326732673267 0.013267813267813268
3 0.8409653465346535 0.642014742014742 0.03688118811881188 0.030958230958230956
1 0.1415841584158416 0.6049140049140049 0.02178217821782178 0.0068796068796068794
3 0.7538366336633664 0.7051597051597052 0.05173267326732673 0.03931203931203931
3 0.8452970297029703 0.6 0.02821782178217822 0.022604422604422605
3 0.9738861386138614 0.8041769041769041 0.052227722772277226 0.05749385749385749
3 0.8581683168316832 0.7144963144963145 0.02524752475247525 0.021621621621621623
3 0.8993811881188118 0.6181818181818182 0.03094059405940594 0.015724815724815724
3 0.7273514851485149 0.6565110565110565 0.019554455445544554 0.0068796068796068794
