0 0.045978589074938236 0.8113669769720725 0.09195717814987647 0.09799118079372857
0 0.35753499862750476 0.5756981871631554 0.016744441394455117 0.03135717785399314
0 0.2259127093055174 0.649436550710436 0.052154817458138894 0.04360607545320921
0 0.32322261872083446 0.624938755512004 0.018391435629975295 0.02792748652621264
2 0.41586604446884434 0.5440960313571779 0.035684875102937136 0.03478686918177364
0 0.4328849849025528 0.6807937285644292 0.03074389239637661 0.10240078392944635
0 0.37894592368926705 0.5470357667809898 0.009058468295360965 0.02792748652621264
2 0.2832830085094702 0.6033806957373836 0.06642876749931374 0.04556589906908378
0 0.4241010156464452 0.5739833414992651 0.014273950041174856 0.024987751102400785
0 0.19901180345868788 0.8486036256736893 0.16524842163052428 0.2871141597256247
0 0.4688443590447433 0.6947574718275356 0.020312928904748832 0.061734443900048994
0 0.4434531979138073 0.5940715335619794 0.004666483667307164 0.0240078392944635
1 0.10211364260225088 0.8858402743753062 0.10870161954433159 0.041156295933366
2 0.14658248696129564 0.7209701126898579 0.11583859456491902 0.09750122488975992
