2 0.32185012352456766 0.7709456148946595 0.08811419160032939 0.06124448799608035
0 0.412572055997804 0.5580597746202841 0.012077957727147953 0.011758941695247428
0 0.521959923140269 0.8699167074963253 0.057370299203952785 0.22097011268985792
0 0.25940159209442765 0.6283684468397844 0.062036782871259945 0.060264576188143064
0 0.4041998353005764 0.6219990200881921 0.01894043370848202 0.0641842234198922
0 0.21685424101015646 0.9551690347868692 0.045566840516058194 0.06516413522782949
0 0.43700247049135327 0.5869671729544341 0.024155915454295906 0.13032827045565898
2 0.12819105133132033 0.7758451739343459 0.21081526214658247 0.21901028907398334
2 0.4312379906670326 0.7329740323370897 0.10925061762283832 0.15580597746202843
0 0.3874553939061213 0.5526702596766291 0.015097447158934943 0.021558059774620282
