0 0.2867142465001372 0.8726114649681529 0.05078232226187208 0.2459578637922587
0 0.5937414219050233 0.9404703576678098 0.05105682130112544 0.11513963743263106
0 0.25075487235794675 0.9341009309162175 0.019489431786988743 0.1259186673199412
0 0.1900905846829536 0.6501714845663891 0.06450727422454021 0.06467417932386085
0 0.48709854515509193 0.656295933365997 0.03486137798517705 0.0926016658500735
0 0.3608289870985451 0.615874571288584 0.045841339555311555 0.10583047525722684
0 0.4264342574800988 0.8949044585987261 0.04803733186933845 0.21019108280254778
0 0.6310732912434805 0.8909848113669769 0.05654680208619269 0.08182263596276335
0 0.4326104858632994 0.6592356687898089 0.055448805929179244 0.2640862322390985
0 0.5137249519626681 0.8125918667319941 0.0793302223442218 0.2013718765311122
0 0.04968432610485863 0.8182263596276335 0.09387867142465 0.10093091621754043
0 0.4873730441943453 0.903233708966193 0.06835026077408729 0.19157275845173935
0 0.1409552566566017 0.9343459088682018 0.05462530881141916 0.08917197452229299
0 0.20930551743068898 0.9198922097011268 0.05517430688992588 0.1474767270945615
0 0.3086741696404062 0.7043116119549241 0.07658523195168816 0.17785399314061734
