1 0.49999999999999994 0.7906066536203522 0.05972602739726027 0.016634050880626222
1 0.3016438356164383 0.8282778864970646 0.5194520547945205 0.10078277886497064
0 0.3717808219178082 0.7947651663405088 0.023013698630136983 0.055283757338551856
0 0.42424657534246574 0.6301369863013698 0.01780821917808219 0.11350293542074363
0 0.11986301369863013 0.7764187866927592 0.051780821917808216 0.05675146771037182
1 0.1473972602739726 0.720890410958904 0.10191780821917808 0.010273972602739725
1 0.23863013698630137 0.7526908023483365 0.3183561643835616 0.031800391389432484
0 0.04438356164383561 0.7734833659491194 0.08876712328767122 0.06653620352250489
0 0.17794520547945203 0.7049902152641878 0.05123287671232876 0.02837573385518591
0 0.1415068493150685 0.7306751467710372 0.008493150684931507 0.01614481409001957
